Depth(m)	Sonic	Density	Gamma_Ray	P_Impedance	Vp	Vc
1149.705566	132.593201	2.207783874	54.093941	5082272.722	2301.979248	0.089000539
1149.858032	131.900177	2.212327325	54.1388969	5113179.127	2311.221924	0.089165877
1150.010376	130.895981	2.218970114	54.4036255	5163198.643	2326.844727	0.090142716
1150.162842	130.7487488	2.219950025	55.6580124	5174520.803	2330.917725	0.094847245
1150.315186	131.1579742	2.217230196	57.5284462	5151921.742	2323.584717	0.102100698
1150.467651	131.9536285	2.211975716	58.25536	5112636.44	2311.34375	0.104998807
1150.62	132.0602722	2.211274796	58.238102	5104839.318	2308.550293	0.104929479
1150.772461	131.80838	2.212931637	57.9106979	5117400.543	2312.498291	0.103619071
1150.924805	131.4989777	2.214972798	57.8173141	5135226.56	2318.415283	0.103246988
1151.077271	131.06871	2.217822463	57.6864433	5152153.508	2323.068359	0.102726787
1151.229614	131.4945221	2.215002241	57.1438026	5133160.217	2317.451416	0.100585293
1151.381958	132.272369	2.209883121	55.1440849	5092015.459	2304.201172	0.092904517
1151.534424	132.635025	2.207510735	51.9039612	5075380.915	2299.141846	0.08113566
1151.686768	132.5323181	2.208181695	49.0918846	5087614.825	2303.983887	0.071561716
1151.839233	131.4013824	2.215618032	45.8979912	5164202.804	2330.818115	0.061363361
1151.991577	128.019119	2.238400158	45.67	5324830.081	2378.855469	0.060661642
1152.144043	124.8799057	2.260307953	45.6864166	5504310.209	2435.203613	0.060712055
1152.296387	123.090981	2.273138482	45.9628029	5627474.571	2475.640869	0.061563466
1152.448853	121.8199539	2.282413382	47.1893921	5705981.371	2499.977051	0.065403265
1152.601196	122.2271271	2.279427557	47.2394714	5677561.956	2490.78418	0.065562185
1152.753662	123.5397568	2.269895482	48.1745987	5603605.259	2468.662109	0.068561155
1152.906006	124.5896835	2.262372037	48.2287445	5540368.414	2448.920166	0.068736644
1153.058472	125.1865616	2.258134236	49.5326	5502572.771	2436.778565	0.073024408
1153.210815	125.3842316	2.256736986	49.5827827	5485944.177	2430.918701	0.073191835
1153.363159	125.528259	2.255720844	50.22765	5478617.624	2428.765625	0.075359394
1153.515625	125.2121735	2.257953023	50.2520027	5496294.506	2434.193604	0.075441836
1153.667969	124.4779053	2.263168799	50.3289146	5537365.717	2446.731201	0.075702491
1153.820435	124.5648575	2.262548913	51.0597534	5531859.699	2444.968018	0.078200808
1153.972778	125.146629	2.258416876	53.39566	5497989.128	2434.443848	0.086452716
1154.125244	125.986031	2.252501921	53.6227989	5451456.837	2420.178467	0.08727731
1154.277588	126.6732483	2.247700055	53.4398155	5408714.153	2406.332764	0.086612703
1154.430054	127.02887	2.245229399	52.1219711	5388203.168	2399.845703	0.081902204
1154.582398	126.1704636	2.251209641	49.7505569	5439191.021	2416.118897	0.073752894
1154.734863	125.184082	2.258151783	48.3520851	5496864.67	2434.231689	0.069137155
1154.887207	124.6267929	2.262107739	47.7203522	5530644.812	2444.907715	0.067096892
1155.039673	124.28714	2.26453089	47.110878	5552109.215	2451.77002	0.065154452
1155.192017	124.1873474	2.265244583	47.2102356	5557206.645	2453.248047	0.065469388
1155.34436	124.2844086	2.264550414	47.005329	5554649.235	2452.871094	0.064820622
1155.496826	124.1540985	2.265482549	47.0333176	5560990.118	2454.660156	0.064909071
1155.64917	123.962532	2.26685534	47.6429977	5573712.684	2458.786377	0.066848953
1155.801636	123.9603958	2.266870665	49.0178375	5573867.201	2458.837402	0.07131731
1155.953979	123.8947449	2.267341819	50.419559	5579178.909	2460.669434	0.076010237
1156.106445	123.6513672	2.269091495	50.8162041	5593908.536	2465.263428	0.077363914
1156.258789	123.3439255	2.271308602	50.3013763	5612765.345	2471.15918	0.075609114
1156.411255	122.8456573	2.274918238	49.1393166	5645058.138	2481.43335	0.071718478
1156.563599	122.1674881	2.279864027	48.5248718	5687536.227	2494.682129	0.069700006
1156.716065	121.701889	2.283281758	48.298401	5719345.533	2504.879395	0.068962702
1156.868408	121.2311325	2.286755906	47.5649986	5748575.807	2513.856445	0.066599363
1157.020874	121.2498856	2.286617151	46.4590874	5743530.833	2511.802734	0.063104955
1157.173218	123.1907272	2.272416262	46.018299	5613119.827	2470.110596	0.061735029
1157.325562	126.67733	2.247671643	46.339741	5405298.451	2404.843506	0.062732763
1157.478027	130.237793	2.223362668	47.3653259	5204108.259	2340.647461	0.065962321
1157.630371	133.2601471	2.203442502	48.5831718	5054290.096	2293.815186	0.069890388
1157.782837	134.106689	2.197975451	49.3056717	5006138.5	2277.613525	0.072269534
1157.935181	131.638809	2.214049488	49.7337952	5130452.228	2317.225098	0.07369675
1158.087647	127.6661	2.240826288	50.6113281	5350609.828	2387.78418	0.076663277
1158.24	123.3658752	2.271150057	51.84684	5609740.5	2470	0.080935406
1158.392456	120.2649765	2.293945252	53.4120636	5807362.226	2531.604492	0.086512133
1158.5448	119.9536057	2.296279375	55.5571747	5832425.325	2539.946289	0.094464378
1158.697266	121.1261063	2.287533555	57.0288963	5762226.518	2518.969238	0.100135001
1158.849609	121.8891373	2.281905077	57.9053078	5708542.405	2501.65625	0.103597574
1159.002075	122.0617142	2.280638867	58.4266624	5696353.34	2497.700684	0.105688348
1159.154419	121.8631287	2.28209612	59.1541748	5707871.123	2501.152832	0.10864508
1159.306763	121.0035858	2.288441925	59.7310448	5766835.596	2519.983398	0.111022476
1159.459229	120.24073	2.294126708	59.2012062	5812979.884	2533.853027	0.108837811
1159.611572	120.2524414	2.294039056	58.7160416	5817788.197	2536.045898	0.10685893
1159.764038	120.154091	2.294775515	58.0418472	5818037.438	2535.340576	0.104142885
1159.916382	120.2178726	2.294297815	57.7412529	5808580.306	2531.746338	0.102944474
1160.068848	121.1098862	2.287653738	57.3890152	5759674.757	2517.721436	0.101549933
1160.221191	121.9376526	2.281548864	57.305401	5701525.78	2498.971436	0.101220435
1160.373657	122.8383942	2.274971005	57.305401	5644363.565	2481.070557	0.101220435
1160.526001	124.2036057	2.265128253	57.19767	5566631.939	2457.535156	0.100796768
1160.678467	124.0409317	2.26629316	56.7298279	5562255.42	2454.34082	0.098968189
1160.830811	124.2873764	2.2645292	56.5867882	5564962.81	2457.448242	0.098412753
1160.983154	123.6674881	2.268975451	56.4450645	5595001.652	2465.871338	0.097864099
1161.13562	122.6451035	2.276376881	56.5692368	5642826.248	2478.862793	0.098344716
1161.287964	123.1925354	2.272403177	56.4101524	5631186.004	2478.075195	0.097729199
1161.44043	121.9881516	2.281178296	56.4636345	5700327.937	2498.852539	0.097935894
1161.592773	120.9433212	2.288889198	57.06292	5767283.885	2519.687012	0.100268217
1161.745239	119.9051056	2.296643704	57.498703	5827998.041	2537.615234	0.101983072
1161.897583	119.7347336	2.297925156	60.8570671	5836721.032	2539.996094	0.11574834
1162.050049	120.5374222	2.291909813	60.914101	5802776.474	2531.851807	0.115990748
1162.202393	120.8147354	2.289844578	60.9578552	5776250.71	2522.551514	0.116176915
1162.354858	121.120079	2.287578212	61.0457	5759350.38	2517.662842	0.116551205
1162.507202	120.9441376	2.288883137	61.0914421	5768136.543	2520.065918	0.116746382
1162.659668	120.4134979	2.292834855	61.9988937	5799606.395	2529.447998	0.120658091
1162.812012	120.6260071	2.291249376	62.0047	5784948.943	2524.801514	0.120683365
1162.964356	121.261299	2.286532717	62.0046959	5749392.997	2514.459229	0.120683347
1163.116821	122.027229	2.280891688	62.0046959	5675704.974	2488.371094	0.120683347
1163.269165	124.5817642	2.262428454	62.266109	5544009.786	2450.468506	0.121824497
1163.421631	126.0194168	2.252267799	64.5396881	5450723.42	2420.104492	0.132022896
1163.573975	126.6007767	2.248204731	67.5051422	5413552.871	2407.944824	0.14609169
1163.72644	126.3714676	2.249804241	67.8259964	5429110.083	2413.147705	0.147668041
1163.878784	125.2978516	2.257347194	67.8259964	5494623.676	2434.106689	0.147668041
1164.03125	123.8491058	2.26766956	67.5025482	5576190.565	2458.995606	0.146078989
1164.183594	122.8168259	2.275127727	66.2036362	5648979.639	2482.928711	0.139807123
1164.33606	121.5736084	2.284226603	66.0096283	5726345.537	2506.907715	0.138885201
1164.488403	120.5939178	2.291488537	66.6309052	5789307.205	2526.439453	0.141851029
1164.640869	120.6333618	2.291194574	68.0909653	5788706.207	2526.501221	0.148978002
1164.793213	121.1986618	2.28699623	68.5231171	5751742.707	2514.977051	0.151130468
1164.945557	121.8348618	2.282303816	69.0557327	5708918.284	2501.384033	0.15381082
1165.098023	122.38398	2.278281037	69.132179	5676341.561	2491.501953	0.154198041
1165.250366	122.48262	2.277561074	68.789169	5671742.93	2490.270264	0.152465542
1165.402832	122.29747	2.278913131	68.38063	5677852.764	2491.474121	0.150418569
1165.555176	122.6187668	2.276568677	68.2170181	5659994.431	2486.195313	0.149603795
1165.707642	123.189461	2.272425425	68.1678467	5622859.784	2474.386963	0.149359481
1165.859985	123.3930664	2.270953707	68.1713333	5609777.913	2470.22998	0.149376796
1166.012451	123.56115	2.269741297	68.5514755	5598724.207	2466.679443	0.151272412
1166.164795	123.6889648	2.268820887	69.3141174	5591854.995	2464.652344	0.155122156
1166.317261	123.6723938	2.268940142	69.8848267	5592435.23	2464.778809	0.15804437
1166.469605	123.5760422	2.269633988	70.2971039	5599438.09	2467.110596	0.160177645
1166.62207	123.1039581	2.273044474	70.4591827	5627629.458	2475.811279	0.161021462
1166.774414	122.2853928	2.279001423	70.4792786	5677044.481	2491.022705	0.16112629
1166.926758	121.8982315	2.281838289	70.5109863	5704508.594	2499.961914	0.16129178
1167.079224	122.1251144	2.28017432	70.5261765	5690205.583	2495.513428	0.161371101
1167.231567	123.1225815	2.272909588	70.528709	5624300.258	2474.493164	0.161384328
1167.384033	124.4573975	2.263315089	70.5298	5543972.9	2449.492188	0.161390026
1167.536377	124.9160156	2.260051604	70.438431	5517129.465	2441.1521	0.160913261
1167.688843	124.5758514	2.262470579	70.2640457	5538192.934	2447.852539	0.160005896
1167.841187	123.8017349	2.268009915	70.1618576	5584831.213	2462.436768	0.159475758
1167.993652	122.8599319	2.274814544	70.1053085	5641653.504	2480.049805	0.159182886
1168.145996	122.2661362	2.279142228	70.2355957	5681118.357	2492.656494	0.159858185
1168.298462	122.1184387	2.280223219	70.6178131	5690529.445	2495.602051	0.161850161
1168.450806	122.1787949	2.279781255	70.853447	5687123.73	2494.591797	0.163086331
1168.603272	122.62162	2.276547896	70.9936752	5659720.399	2486.097656	0.163824949
1168.755615	123.158638	2.272648517	71.6840057	5625529.359	2475.318604	0.167493543
1168.907959	123.5776443	2.269622445	72.882561	5599178.716	2467.009033	0.173992966
1169.060425	123.8305054	2.26780318	73.4815369	5584613.208	2462.565186	0.177303967
1169.212769	123.692329	2.268796679	73.7516022	5591217.381	2464.397705	0.178810745
1169.365234	123.4008179	2.270897744	74.2823715	5609297.258	2470.079346	0.181797536
1169.517578	122.989349	2.273875194	74.424202	5635990.653	2478.583984	0.18260141
1169.670044	122.1974258	2.279644889	72.9900436	5688412.194	2495.306152	0.174583989
1169.822388	121.104744	2.287691844	68.024025	5741398.217	2509.69043	0.14864636
1169.974854	121.4150238	2.28539657	66.9856033	5735690.423	2509.713379	0.143562016
1170.127197	122.2089233	2.27956075	67.151947	5680135.079	2491.76709	0.144368901
1170.279663	123.7175674	2.268615098	67.8876038	5592807.809	2465.296143	0.147971956
1170.432007	124.4435349	2.263413994	68.0732422	5544474.936	2449.607178	0.14889015
1170.584473	124.2937088	2.26448394	68.4816132	5554497.052	2452.875488	0.150922881
1170.736816	123.7513733	2.268371957	68.5274963	5589237.288	2463.986084	0.151152381
1170.88916	122.9280167	2.274320192	68.5103455	5622106.824	2471.994629	0.151066569
1171.041626	123.486145	2.270282035	68.54081	5590883.141	2462.638184	0.151219017
1171.19397	125.1915588	2.258098875	70.2212372	5516330.838	2442.909424	0.15978367
1171.346436	125.1097336	2.258678131	70.4605026	5505969.261	2437.695313	0.161028346
1171.498779	124.4476166	2.263384871	70.4646	5542893.439	2448.939941	0.161049716
1171.651245	124.7577057	2.261176235	70.46479	5526888.452	2444.253662	0.161050707
1171.803589	124.5764084	2.262466611	70.5277252	5532846.849	2445.493164	0.161379189
1171.956055	124.6187668	2.262164893	72.1661	5547809.502	2452.433838	0.170087805
1172.108398	123.3969421	2.270925726	72.3677368	5608626.202	2469.753174	0.171180812
1172.260864	122.2975845	2.278912294	75.7611313	5666024.711	2486.284668	0.190299873
1172.413208	122.5657272	2.276955109	75.805099	5658600.872	2485.161377	0.190556808
1172.565674	123.5634	2.269725083	75.7383575	5597258.465	2466.05127	0.190166884
1172.718018	125.0371246	2.259192587	74.9457626	5506996.212	2437.594727	0.185578581
1172.870361	126.3327026	2.25007504	73.3250275	5437797.584	2416.718262	0.176434724
1173.022827	126.4091644	2.249541016	73.1922989	5435825.253	2416.415283	0.175699833
1173.175171	125.138298	2.258475859	73.3589935	5516038.767	2442.372315	0.176623122
1173.327637	123.0251541	2.273615553	74.2147141	5615033.434	2469.649414	0.181414921
1173.47998	123.08799	2.273160151	74.3387833	5626258.025	2475.082275	0.182116977
1173.632446	124.0582047	2.266169368	74.3381882	5567332.681	2456.715576	0.182113606
1173.78479	124.6065369	2.262251992	74.0116119	5533860.775	2446.17334	0.180269661
1173.937256	125.3277283	2.257136072	72.8681564	5488064.416	2431.428223	0.173913861
1174.0896	125.973	2.252593326	72.6190033	5454684.373	2421.513184	0.172549454
1174.242065	126.1841965	2.251113523	72.6190033	5436472.386	2415.014893	0.172549454
1174.394409	126.4021835	2.249589753	72.6189957	5426716.824	2412.313721	0.172549413
1174.546875	126.027611	2.252210349	72.251564	5449155.562	2419.470459	0.170550502
1174.699219	124.9524	2.25979341	70.9450378	5509913.364	2438.237549	0.163568512
951.9	137.655304	2.17794	57.992001	4822460.043	2214.22998	0.103943625
952.0500488	137.4363251	2.1791322	58.04081	4832785.333	2217.756836	0.104138736
952.2	136.4117126	2.18507	58.080299	4882342.067	2234.409912	0.104296741
952.3500366	139.646347	2.1664031	58.1200371	4728538.654	2182.667969	0.104455876
952.5	138.3898926	2.1736982	58.1989746	4787516.155	2202.475098	0.104772392
952.6500244	139.1878357	2.16903	58.131901	4749850.557	2189.850098	0.104503413
952.8	140.539261	2.1612275	57.9763985	4687249.729	2168.790527	0.103881297
952.9500122	137.3629913	2.17961	57.97	4836423.686	2218.939941	0.103855743
953.1	137.9196472	2.1763515	57.97	4809701.216	2209.983643	0.103855743
953.250061	137.38501	2.1794567	57.9336548	4835297.087	2218.579102	0.103710656
953.4	134.5332336	2.19598	57.8049011	4975234.484	2265.610107	0.103197585
953.5500488	135.92363	2.18796	56.8308258	4906351.267	2242.431885	0.099361398
953.7	135.6445465	2.18953	56.9065018	4919983.493	2247.050049	0.099656578
953.8500366	135.1221771	2.1925325	57.6513176	4945737.205	2255.718994	0.102587413
954	138.2666779	2.1743884	57.9371681	4793300.143	2204.436035	0.103724676
954.1500244	138.9013214	2.17074	58.108299	4763385.26	2194.360107	0.104408856
954.3	136.7557831	2.1831238	58.01162	4865726.178	2228.790772	0.104022026
954.4500122	135.1687469	2.19229	57.0749016	4943526.173	2254.959961	0.100315152
954.6	134.47261	2.1963015	57.2954636	4978212.8	2266.634522	0.101181314
954.750061	133.8106079	2.2001414	57.2086029	5011579.411	2277.844238	0.100839719
954.9	133.2283936	2.20347	57.7024	5041098.666	2287.8	0.102790136
955.0500488	132.5658875	2.2073226	57.8375969	5075160.621	2299.238281	0.103327741
955.2	131.4142151	2.21396	56.843399	5135014.285	2319.379883	0.099410407
955.3500366	129.600708	2.2244034	54.7341156	5231463.897	2351.850342	0.091369995
955.5	128.241791	2.2322319	55.51326	5305472.428	2376.756836	0.094297897
955.6500244	127.3329468	2.2375	54.682	5355948.435	2393.719971	0.091175887
955.8	127.271286	2.237859	53.5349426	5359417.158	2394.885986	0.086957886
955.9500122	127.7870941	2.23487	52.4086	5330656.557	2385.219971	0.08291547
956.1	128.17424	2.23265	50.0346336	5309261.868	2378.009033	0.074707482
956.250061	128.2718353	2.2320957	48.1525345	5303920.952	2376.206787	0.068489702
956.4	130.0666962	2.22172	49.457901	5206400.67	2343.409912	0.072775519
956.5500488	130.9353943	2.2166879	53.4890785	5160149.074	2327.864502	0.086791373
956.7	131.7263336	2.21216	56.6216011	5118694.665	2313.889893	0.098547778
956.8500366	132.3721924	2.2084515	55.6763382	5085193.041	2302.605713	0.094916914
957	131.5812531	2.2129881	53.8021431	5126242.138	2316.43457	0.087931227
957.1500244	132.3450775	2.20859	54.6610985	5086537.522	2303.070068	0.091098098
957.3	133.3859711	2.2026036	56.5868988	5033171.315	2285.10083	0.098413182
957.4500122	131.8759918	2.21132	57.5658989	5110935.485	2311.26001	0.102248919
957.6	129.776947	2.2234344	55.8170776	5222101.557	2348.664551	0.095452874
957.750061	127.8325272	2.2346365	52.8074112	5328206.495	2384.372803	0.084335679
957.9	124.8799133	2.2517	51.3671989	5495814.258	2440.74	0.079263503
958.0500488	121.9759369	2.2684627	49.79903	5668546.578	2498.849365	0.073915369
958.2	120.8684387	2.27486	49.133	5736628.205	2521.75	0.071697592
958.3500366	122.4345779	2.2657859	49.8138046	5640620.341	2489.476318	0.073964925
958.5	124.11618	2.25609	49.8206024	5540433.777	2455.768066	0.073987731
958.6500244	124.3583984	2.2547	52.0382	5526224.561	2450.97998	0.081607234
958.8	125.559845	2.247757	52.750721	5456497.067	2427.529785	0.08413306
958.9500122	126.8650742	2.24025	49.12	5382312.747	2402.550049	0.071654617
959.1	129.4446259	2.225311	49.3911552	5239811.487	2354.642334	0.072553464
959.250061	133.2625275	2.2032716	48.5451317	5039356.584	2287.215332	0.069766139
959.4	132.5285645	2.2075	47.8814011	5076984.841	2299.879883	0.067614407
959.5500488	130.6128387	2.2185721	46.279739	5177296.9	2333.616699	0.062546
959.7	129.69545	2.22388	48.3429985	5226385.126	2350.120117	0.069107613
959.8500366	128.07489	2.2332077	47.2345352	5314706.105	2379.853027	0.065546513
960	129.0046082	2.2278659	45.6106071	5263793.883	2362.706787	0.060479401
960.1500244	130.8079681	2.21745	44.6478	5166946.509	2330.129883	0.057557172
960.3	132.073669	2.2101059	43.8335762	5100479.267	2307.798584	0.055132408
960.4500122	129.5031128	2.225	43.2781982	5236782.489	2353.610107	0.05350253
960.6	127.3552551	2.2373946	44.5617676	5354739.126	2393.292236	0.057298969
960.750061	129.7406616	2.2236025	46.44556	5223923.577	2349.306397	0.063062721
960.9	133.0397186	2.20459	44.3843	5050826.027	2291.050049	0.056767845
961.0500488	136.0507355	2.1871917	45.1378021	4900046.838	2240.337158	0.05903687
961.2	139.598709	2.16671	47.599701	4730794.614	2183.4	0.066710356
961.3500366	138.893021	2.1707156	45.46	4763648.633	2194.506104	0.060018315
961.5	136.4477386	2.1849363	46.4589653	4880753.488	2233.81958	0.063104573
961.6500244	138.0509338	2.17565	46.128799	4803573.867	2207.879883	0.062077241
961.8	136.206619	2.1863	50.451416	4892457.41	2237.779541	0.076118535
961.9500122	136.284317	2.1858	52.21	4888541.7	2236.5	0.082212736
962.1	139.5209351	2.167182	48.5728683	4734481.035	2184.625488	0.069856724
962.250061	138.6601715	2.1721187	45.7903328	4774698.72	2198.175781	0.06103158
962.4	139.2939	2.16842	40.955101	4744893.127	2188.179932	0.046890764
962.5500488	138.7725677	2.171469	43.6598244	4769407.938	2196.396973	0.054620414
962.7	139.206131	2.16894	45.4436	4749024.393	2189.560059	0.059968195
962.8500366	139.1396484	2.169332	45.3737717	4752150.543	2190.605469	0.059754993
963	138.3106232	2.1741	47.2751389	4791151.134	2203.74	0.065675476
963.1500244	138.3081818	2.17409	48.5950012	4791194.363	2203.77002	0.069929046
963.3	138.6625366	2.1721189	50.5948639	4774636.584	2198.146973	0.076607105
963.4500122	139.1259613	2.16945	50.0191	4752874.597	2190.820068	0.074655135
963.6	142.4649811	2.15014	47.7260475	4600162.063	2139.470947	0.067115163
963.750061	142.3055115	2.151079	48.5750275	4607326.053	2141.867432	0.069863778
963.9	142.74881	2.14852	48.646	4587562.812	2135.219971	0.070095822
964.0500488	144.196289	2.1401534	50.0187111	4523833.371	2113.789307	0.074653824
964.2	142.659821	2.14902	50.5312	4591488.786	2136.550049	0.076390087
964.3500366	140.7563324	2.1599684	49.263889	4677271.826	2165.435303	0.072130944
964.5	141.5050964	2.155691	46.781292	4643319.468	2153.981934	0.06411453
964.6500244	141.2022552	2.15741	46.02	4657007.032	2158.610107	0.061740291
964.8	137.3052063	2.1799464	44.1122742	4839193.613	2219.868164	0.055957628
964.9500122	134.6054688	2.19556	43.555599	4971626.064	2264.4	0.054314205
965.1	133.6210175	2.20124	44.00629	5021203.099	2281.079346	0.055643231
965.250061	133.7511749	2.2004573	42.5073586	5014542.418	2278.86377	0.051272153
965.4	139.1625366	2.16921	42.1577988	4751090.51	2190.24	0.05027277
965.5500488	141.0443878	2.1583617	43.7367134	4664272.328	2161.024414	0.054846749
965.7	140.32077	2.1625	46.9632988	4697317.456	2172.169922	0.064687899
965.8500366	141.5690765	2.1552811	48.4569626	4640347.57	2153.012695	0.069478545
966	141.1399689	2.1577442	49.3477211	4659780.824	2159.561279	0.072409135
966.1500244	139.3762054	2.16793	51.6043015	4741024.205	2186.889893	0.080087839
966.3	139.19455	2.1689744	52.2362328	4749502.161	2189.745606	0.082305388
966.4500122	141.5101013	2.15562	52.3242	4643011.285	2153.909912	0.082616461
966.6	141.002319	2.1585569	52.5240021	4666127.577	2161.688477	0.083325185
966.750061	138.0699158	2.1755047	50.0687332	4802587.025	2207.57373	0.074822458
966.9	136.02066	2.18734	45.480499	4901479.158	2240.840088	0.060080986
967.0500488	131.5662537	2.213049	42.966141	5126989.96	2316.70874	0.052595182
967.2	127.6645584	2.23562	41.342	5337565.129	2387.51001	0.047969261
967.3500366	127.7769547	2.2349932	38.9510422	5331328.552	2385.38916	0.041444894
967.5	130.5626831	2.2188611	39.0578232	5179958.324	2334.512207	0.041729218
967.6500244	134.497879	2.19614	40.3466988	4976914.344	2266.209961	0.045212755
967.8	135.31691	2.191433	43.14896	4936179.827	2252.489502	0.053126018
967.9500122	133.9486237	2.19929	46.9856	5004484.395	2275.5	0.064758307
968.1	133.53685	2.2016852	50.9862175	5025424.409	2282.5354	0.077947661
968.250061	131.356461	2.2142711	51.040859	5137999.85	2320.402344	0.078135726
968.4	131.0076141	2.21627	49.7125015	5156329.63	2326.580078	0.073625455
968.5500488	132.1191711	2.2098732	46.466732	5098199.593	2307.01001	0.063128827
968.7	135.02243	2.19315	47.7631989	4950816.81	2257.4	0.067234402
968.8500366	137.312531	2.1799212	49.5877762	4838886.471	2219.75293	0.073208505
969	136.870621	2.1824772	49.037991	4860206.218	2226.921875	0.071383792
969.1500244	138.09726	2.17538	49.264	4801367.98	2207.139893	0.072131312
969.3	137.701691	2.177649	52.0922813	4820180.871	2213.479248	0.081797602
969.4500122	137.8406219	2.1768	49.5926018	4813449	2211.25	0.073224616
969.6	136.6763916	2.1835678	44.9404182	4869538.513	2230.083496	0.05843895
969.750061	137.6850433	2.1777356	45.72047	4820956.336	2213.747315	0.060816686
969.9	139.6526642	2.16634	48.1036	4728167.157	2182.560059	0.068331352
970.0500488	140.7133026	2.1602118	51.0042839	4679246.594	2166.105469	0.078009818
970.2	139.8504639	2.16526	48.9970016	4719119.149	2179.469971	0.071248607
970.3500366	138.5578918	2.17272	46.2854729	4779546.91	2199.798828	0.062563837
970.5	138.7188568	2.1717765	45.2391739	4771931.143	2197.247803	0.05934493
970.6500244	136.0142517	2.18736	46.158199	4901742.39	2240.939941	0.062168427
970.8	138.0597382	2.1756	49.2280426	4803159.654	2207.740234	0.072012142
970.9500122	138.0061188	2.17584	54.499599	4805560.224	2208.6	0.090498222
971.1	136.9868469	2.1817937	55.9063377	4854579.938	2225.040772	0.095793628
971.250061	135.40889	2.1908729	55.2670937	4931568.782	2250.960693	0.093367569
971.4	138.331955	2.174	56.23	4790191.6	2203.4	0.097034689
971.5500488	137.3924866	2.1794443	55.1150627	4835015.237	2218.462402	0.092795443
971.7	131.2215881	2.21503	56.0150986	5145049.62	2322.790039	0.096209707
971.8500366	128.3265839	2.2317448	52.0256958	5300780.205	2375.173096	0.08156325
972	130.5978546	2.2186651	49.556709	5178110.302	2333.885498	0.073104822
972.1500244	132.6008	2.20714	50.0682983	5073397.96	2298.629883	0.074820991
972.3	136.5734253	2.1841726	52.1431923	4874565.594	2231.767578	0.081977011
972.4500122	135.4650116	2.19057	54.5844	4928848.281	2250.030029	0.09081295
972.6	131.3512726	2.2142971	54.6023827	5138258.581	2320.491943	0.090879764
972.750061	132.4906311	2.2077539	51.6086235	5079029.477	2300.541504	0.080102904
972.9	135.1605072	2.19231	48.224899	4943878.281	2255.1	0.068724173
973.0500488	137.0814972	2.1811922	48.3440628	4849877.662	2223.498535	0.069111073
973.2	140.3991089	2.16207	46.527401	4693745.761	2170.949951	0.063318424
973.3500366	140.5090485	2.1614568	43.6878357	4688744.385	2169.251953	0.054702827
973.5	141.7934875	2.154031	45.003059	4630308.403	2149.601563	0.05862843
973.6500244	141.5802155	2.15523	48.1024017	4639865.543	2152.840088	0.068327476
973.8	138.6499023	2.1721468	47.46011	4775115.266	2198.339111	0.066264384
973.9500122	135.7658386	2.18879	45.755199	4913921.187	2245.040039	0.06092347
974.1	134.306061	2.197221	47.679081	4986464.852	2269.44165	0.066964557
974.250061	134.0697174	2.1986163	47.6342354	4998440.363	2273.448242	0.066820894
974.4	135.775909	2.18874	48.7039986	4913458.395	2244.879883	0.070285709
974.5500488	137.644165	2.177971	50.4940643	4822904.619	2214.402588	0.076263635
974.7	137.2493134	2.18023	51.6383018	4841811.243	2220.780029	0.08020639
974.8500366	137.8704681	2.17664	51.1051865	4812051.518	2210.770508	0.078357409
975	137.8081818	2.177036	50.8231277	4815096.579	2211.76709	0.077387645
975.1500244	135.2620087	2.19176	52.8576012	4938911.984	2253.4	0.08451527
975.3	135.256439	2.1917689	53.571659	4939143.725	2253.496582	0.087091305
975.4500122	135.778641	2.18872	53.7160988	4913304.489	2244.830078	0.087617184
975.6	133.6725159	2.2009115	52.0151558	5018527.967	2280.204346	0.081526185
975.750061	133.0691681	2.2044053	49.9372215	5049271.067	2290.536621	0.074379494
975.9	135.0236511	2.19312	50.4771	4950704.969	2257.379883	0.076205903
976.0500488	136.069031	2.1871142	51.695076	4899227.65	2240.041992	0.080404542
976.2	134.3287048	2.19713	50.8951	4985419.927	2269.060059	0.077634542
976.3500366	132.21785	2.2093024	49.978096	5093099.537	2305.297607	0.074517036
976.5	131.15506	2.2154541	51.2062378	5148632.032	2323.962402	0.078706265
976.6500244	129.453125	2.22526	50.558399	5239419.22	2354.52002	0.076482767
976.8	128.3943329	2.2313778	48.5896454	5297141.085	2373.932861	0.069911542
976.9500122	129.3412628	2.22591	49.1911011	5245490.6	2356.560059	0.071889805
977.1	131.2879486	2.2146568	48.1095085	5141548.524	2321.600586	0.068350463
977.250061	132.6021576	2.2070711	45.1872787	5073180.312	2298.603027	0.059187141
977.4	132.2012024	2.2094	45.1255	5093948.625	2305.580078	0.05899953
977.5500488	131.4958649	2.2134719	47.1062584	5130707.896	2317.945801	0.065139825
977.7	130.6924438	2.2181	48.9767	5173030.509	2332.189941	0.071181695
977.8500366	129.9972229	2.2221217	48.6920776	5210153.305	2344.675049	0.07024666
978	129.2847748	2.2262523	47.1651573	5248585.465	2357.587891	0.06532642
978.1500244	128.24826	2.23226	49.0285988	5305278.167	2376.639893	0.071352805
978.3	127.2784119	2.2378519	50.9586945	5359084.364	2394.744873	0.077853016
978.4500122	126.63221	2.24155	50.6954	5395343.538	2406.969971	0.076950416
978.6	127.0898361	2.2389631	47.0876541	5369726.084	2398.309326	0.065080935
978.750061	125.8816757	2.245899	43.53368	5438032.096	2421.316406	0.054249895
978.9	126.3533173	2.24317	43.2494011	5411154.193	2412.280029	0.053418545
979.0500488	128.302719	2.2319334	44.7094879	5302247.137	2375.629639	0.057742605
979.2	131.0746765	2.21588	44.4380989	5152784.955	2325.389893	0.056928641
979.3500366	131.749741	2.2120118	45.1315918	5117458.517	2313.486084	0.059018019
979.5	130.8863983	2.21701	44.3793411	5162836.598	2328.738525	0.056753033
979.6500244	131.0966187	2.21576	49.8813019	5151642	2325	0.074191519
979.8	130.2735138	2.2205427	53.5530586	5195377.083	2339.687988	0.087023702
979.9500122	129.1800385	2.22686	51.7379	5254276.17	2359.5	0.080554164
980.1	131.7211914	2.2122014	48.8288155	5119000.014	2313.984619	0.070695158
980.250061	131.0844879	2.2158515	44.688797	5152329.176	2325.214111	0.057680381
980.4	130.5284729	2.21906	46.409599	5181771.647	2335.120117	0.062950506
980.5500488	132.7551575	2.206171	50.3239441	5065265.202	2295.953125	0.075685633
980.7	132.3182526	2.20871	52.1593018	5087851.92	2303.540039	0.082033821
980.8500366	132.133881	2.209815	45.5004311	5097525.819	2306.765869	0.06014195
981	129.957962	2.2224011	46.080681	5212362.352	2345.374268	0.061928123
981.1500244	129.3997955	2.22564	47.746799	5242472.764	2355.49	0.067181754
981.3	128.5777435	2.23034	51.1257057	5287132.596	2370.550049	0.078428186
981.4500122	128.5777435	2.23031	53.8445015	5287061.479	2370.550049	0.088086039
981.6	130.6955872	2.2180729	50.8742676	5172876.873	2332.14917	0.077563039
981.750061	129.4144745	2.2254779	54.4875717	5241498.144	2355.223633	0.09045363
981.9	130.2892	2.22044	54.6759987	5194519.345	2339.409912	0.091153548
982.0500488	128.1682129	2.2326663	53.223568	5309550.823	2378.121094	0.085830621
982.2	125.460251	2.24834	54.1236	5462229.503	2429.449951	0.0891096
982.3500366	123.2212143	2.26125	53.486824	5593427.116	2473.599609	0.086783193
982.5	123.2687378	2.2609947	51.3325462	5590630.108	2472.641846	0.079143376
982.6500244	125.546814	2.24788	48.4967	5457358.172	2427.780029	0.069608095
982.8	128.6077576	2.2301722	47.3379936	5285498.859	2369.99585	0.065875331
982.9500122	131.925354	2.21101	45.356	5108317.504	2310.4	0.059700782
983.1	133.2197876	2.2035434	43.8929672	5041553.439	2287.930176	0.055307852
983.250061	136.1072083	2.1868584	43.0774117	4897284.123	2239.415283	0.052918023
983.4	136.812531	2.18279	42.3695984	4862972.613	2227.870117	0.050877408
983.5500488	137.2431946	2.1802616	42.1303329	4842089.013	2220.875244	0.050194561
983.7	136.4708557	2.18471	45.1570015	4879418.574	2233.439941	0.059095164
983.8500366	133.754425	2.2004638	50.4853439	5014442.264	2278.811523	0.076233955
984	132.112442	2.2099438	51.8311882	5098609.576	2307.121826	0.080880577
984.1500244	130.4806061	2.21932	52.2868	5184287.089	2335.97998	0.082484135
984.3	129.1576538	2.2269888	54.8102	5255484.788	2359.90625	0.091653765
984.4500122	129.6381378	2.22424	55.5424	5229543.923	2351.159912	0.094408349
984.6	130.8750763	2.2171044	55.416687	5163465.643	2328.923096	0.093932338
984.750061	133.2612457	2.2032831	54.151711	5039438.292	2287.240479	0.089213033
984.9	136.124588	2.18673	51.230301	4896372.489	2239.129883	0.078789449
985.0500488	135.1012726	2.1926277	48.0809174	4946749.561	2256.082764	0.068258008
985.2	131.828125	2.21155	47.3807983	5113324.755	2312.1	0.066011587
985.3500366	128.3672638	2.2315762	46.85638	5298789.426	2374.460449	0.064350807
985.5	125.6975784	2.2469788	46.3137589	5448623.517	2424.866455	0.062651862
985.6500244	126.1753159	2.2442	47.1952019	5421291.366	2415.689941	0.065421693
985.8	128.6082611	2.2301311	47.5517387	5285393.284	2369.992188	0.066556974
985.9500122	132.4185333	2.20814	50.3550987	5082674.657	2301.790039	0.075791327
986.1	134.99527	2.1932638	52.45314	4952107.47	2257.871338	0.083073482
986.250061	133.3687744	2.2026322	51.0801163	5033889.5	2285.397217	0.078270977
986.4	132.321	2.20871	52.1120987	5087741.398	2303.49	0.081867415
986.5500488	132.3387146	2.2086329	51.8670311	5086878.432	2303.179688	0.081006164
986.7	130.9810944	2.21647	50.471199	5157836.622	2327.050049	0.076185825
986.8500366	131.209869	2.2151587	51.8183441	5145806.089	2322.996582	0.080835597
987	131.6803589	2.2124231	52.1811066	5121095.101	2314.699707	0.082110747
987.1500244	130.3187561	2.22026	50.7265015	5192921.449	2338.879883	0.07705677
987.3	131.3332214	2.2144141	51.6647682	5139240.464	2320.812744	0.080298733
987.4500122	133.7870789	2.20027	52.077	5012765.128	2278.25	0.081743789
987.6	134.7032013	2.1949642	50.104259	4966682.037	2262.762207	0.074942332
987.750061	132.9455261	2.20508	50.7348862	5055520.591	2292.669922	0.077085455
987.9	132.9467468	2.20511	52.4233017	5055545.226	2292.649902	0.08296761
988.0500488	132.4677887	2.207899	54.1392021	5080236.527	2300.937012	0.089167
988.2	132.896759	2.20542	56.104401	5058152.846	2293.51001	0.096552068
988.3500366	131.19371	2.215229	55.37582	5146590.807	2323.2771	0.093777871
988.5	131.6007233	2.2129	55.9206467	5125298.987	2316.100586	0.095848314
988.6500244	131.5184631	2.21333	55.0507011	5129503.05	2317.550049	0.092553796
988.8	129.5829163	2.2245169	58.0174751	5232420.019	2352.160156	0.104045431
988.9500122	130.9381256	2.2167	59.187599	5160078.746	2327.820068	0.10878203
989.1	130.0571442	2.2218142	53.9529228	5207028.788	2343.593262	0.088482937
989.250061	128.3223572	2.2318182	54.4987335	5301157.238	2375.263916	0.090495013
989.4	129.1181488	2.22718	55.0724983	5257547.662	2360.629883	0.092635597
989.5500488	130.8038025	2.2174711	51.6007118	5167159.17	2330.203613	0.080075327
989.7	130.3083954	2.22034	56.2939	5193530.836	2339.070068	0.097280725
989.8500366	132.556931	2.2073932	54.596447	5075680.787	2299.400391	0.090857707
990	131.08812	2.2158079	53.2323074	5152094.178	2325.153809	0.085862158
990.1500244	131.94426	2.21092	51.283199	5107380.116	2310.070068	0.078972461
990.3	134.262619	2.1975045	45.6305733	4988717.203	2270.173828	0.060540639
990.4500122	136.605881	2.184	41.64	4873028.16	2231.24	0.048806048
990.6	138.1795654	2.1749179	42.42038	4797488.171	2205.824951	0.051022785
990.750061	138.9712372	2.1703212	44.8240814	4760085.054	2193.262939	0.058087719
990.9	138.5227661	2.17289	42.8153	4781140.474	2200.360107	0.052158757
991.0500488	136.404831	2.1851258	42.6839218	4882726.017	2234.528565	0.051779788
991.2	138.1841278	2.17487	44.9515	4797219.503	2205.75	0.058472452
991.3500366	136.9650726	2.1818857	48.3782272	4855520.283	2225.37793	0.069222179
991.5	138.80809	2.17126	52.6230621	4767738.69	2195.8396	0.083677688
991.6500244	138.862915	2.17096	52.5266	4765192.008	2194.969971	0.08333442
991.8	136.8085327	2.1828	50.2658653	4863126.521	2227.93042	0.075488785
991.9500122	136.7546234	2.18309	51.172001	4865692.951	2228.810059	0.078587986
992.1	139.1590271	2.1692424	52.9964981	4751306.564	2190.306885	0.08501328
992.250061	138.0688934	2.1755152	55.4549179	4802656.945	2207.595215	0.094076964
992.4	135.7932739	2.18864	58.4445	4912599.65	2244.590088	0.105760294
992.5500488	135.678009	2.189299	60.1935768	4918253.255	2246.496826	0.112949948
992.7	131.8080139	2.2117	60.1343	5114445.557	2312.449951	0.112701863
992.8500366	131.70015	2.2123427	57.3361015	5120088.013	2314.328613	0.101341348
993	134.7822266	2.1944983	51.4341049	4962693.961	2261.425293	0.079495693
993.1500244	135.480545	2.19046	49.9802017	4928031.238	2249.77002	0.074524125
993.3	134.8825836	2.1939034	51.9976921	4957650.712	2259.739746	0.081464789
993.4500122	133.4542389	2.20218	55.1771011	5029624.817	2283.929932	0.093028683
993.6	132.5397949	2.2074666	58.48814	5076467.179	2299.680176	0.105936428
993.750061	133.92543	2.199475	61.0521317	5005773.661	2275.894775	0.116578637
993.9	136.1188049	2.18683	62.8571014	4896793.409	2239.219971	0.124427983
994.0500488	138.4650421	2.1732788	58.778038	4783988.323	2201.276856	0.107110658
994.2	138.9424744	2.17049	52.4771	4761425.533	2193.709961	0.083158545
994.3500366	138.5294647	2.17289	45.0823555	4780901.223	2200.25	0.058868655
994.5	138.4989166	2.1730688	42.7591553	4782351.452	2200.736328	0.051996674
994.6500244	139.065918	2.16976	45.842899	4755614.919	2191.77002	0.061193483
994.8	141.0189514	2.1584871	47.8567238	4665381.21	2161.412598	0.067534993
994.9500122	142.2108459	2.15163	48.16	4611588.579	2143.3	0.068513874
995.1	142.2297058	2.1514919	46.2738571	4610679.708	2143.015137	0.062527705
995.250061	141.4198456	2.1561334	45.1857948	4647070.731	2155.279785	0.059182632
995.4	139.84285	2.16525	46.6464	4719357.438	2179.590088	0.063691022
995.5500488	138.142334	2.1750972	47.828819	4799178.325	2206.420166	0.067445243
995.7	135.0843048	2.19277	50.0952	4947700.702	2256.370117	0.074911756
995.8500366	131.7913666	2.2117848	54.0230637	5115337.155	2312.764404	0.088740192
996	129.8039246	2.2232518	58.6078987	5220542.067	2348.156006	0.106420628
996.1500244	128.9834442	2.22798	61.5460014	5264917.454	2363.090088	0.118696346
996.3	129.9341888	2.222486	59.4783058	5213524.045	2345.807373	0.10997728
996.4500122	131.6897583	2.21237	56.046299	5120596.8	2314.530029	0.096329247
996.6	132.9927979	2.20487	53.4553642	5053230.447	2291.849609	0.086669075
996.750061	133.029541	2.2046423	50.9075089	5051314.545	2291.217285	0.077677149
996.9	132.0027771	2.21058	52.6493988	5104317.729	2309.040039	0.083771532
997.0500488	132.2978973	2.2088532	56.7005577	5088953.483	2303.889404	0.098854392
997.2	130.9890137	2.21641	58.312099	5157386.398	2326.909912	0.105226918
997.3500366	131.268539	2.2148015	56.2123489	5142691.76	2321.965088	0.096966785
997.5	130.5569	2.2189245	57.059803	5180329.524	2334.612793	0.100256008
997.6500244	132.960159	2.205	58.7761	5054785.928	2292.419922	0.107102784
997.8	133.0616913	2.2044332	56.7819443	5049629.364	2290.670166	0.099170985
997.9500122	131.6230011	2.21271	55.6516	5123972.547	2315.7	0.094822873
998.1	132.69754	2.206533	56.209061	5068314.721	2296.958496	0.096954139
998.250061	131.4945526	2.2135375	55.8536224	5130918.318	2317.972168	0.095592306
998.4	132.6194	2.20704	56.384701	5072462.232	2298.310059	0.097630918
998.5500488	134.1670227	2.1980927	56.637001	4993622.81	2271.798096	0.09860754
998.7	133.01593	2.20468	54.180099	5051913.878	2291.449951	0.089317548
998.8500366	134.3972473	2.1966937	56.0117531	4981906.098	2267.911133	0.096196894
999	132.7899628	2.206001	53.1905937	5063549.458	2295.352295	0.085711683
999.1500244	132.477356	2.2078	50.466301	5079640.05	2300.77002	0.076169163
999.3	132.7827454	2.2060666	48.0812	5063981.177	2295.479736	0.068258922
999.4500122	134.264099	2.19745	51.021099	4988540.903	2270.149902	0.078067691
999.6	135.567337	2.1899753	53.7163773	4923757.93	2248.31665	0.087618199
999.750061	137.5775146	2.17831	54.6421967	4826004.323	2215.480957	0.091027782
999.9	137.451691	2.1791	53.41	4832176.063	2217.51001	0.086504657
1000.050049	134.1042328	2.1983974	53.8410721	4996655.118	2272.862549	0.0880735
1000.2	135.222702	2.19193	56.4774017	4940741.864	2254.060059	0.097989139
1000.350037	133.664551	2.2009819	57.7190742	5018999.081	2280.345459	0.102856356
1000.5	132.894104	2.2053664	57.8812866	5058135.982	2293.558106	0.103501803
1000.650024	134.5896149	2.19561	53.4364014	4972309.95	2264.659912	0.086600327
1000.8	135.5609741	2.1900187	55.0430412	4924116.428	2248.435791	0.092525059
1000.950012	136.1937866	2.18636	54.3997	4893051.816	2237.99	0.090128191
1001.1	134.415421	2.196641	51.7737923	4981109.781	2267.603027	0.080679673
1001.250061	133.995239	2.1990418	52.5002441	5002173.161	2274.705811	0.083240754
1001.4	133.1585846	2.2039	55.5546989	5044727.1	2289	0.094454988
1001.550049	129.8254242	2.2230976	57.2183685	5219326.781	2347.772217	0.100878092
1001.7	130.9082489	2.21684	58.612801	5161579.631	2328.350098	0.106440475
1001.850037	131.0219269	2.2162318	60.3147583	5155699.141	2326.335693	0.113458096
1002	130.2650452	2.2206051	61.94207	5195872.759	2339.845459	0.120410911
1002.150024	132.3243561	2.2087	60.8895988	5087585.69	2303.429932	0.115886572
1002.3	132.3102264	2.2087824	58.587521	5088322.295	2303.67749	0.106338151
1002.450012	131.271271	2.21481	60.6034012	5142589.292	2321.909912	0.11467377
1002.6	133.5127411	2.2018185	61.040569	5026586.607	2282.925049	0.116529324
1002.750061	134.2077332	2.1977818	61.445282	4991392.655	2271.104736	0.118262646
1002.9	133.5420227	2.20166	57.4664	5025134.683	2282.429932	0.101855407
1003.050049	134.7834015	2.194531	56.1449852	4962714.868	2261.401123	0.096707873
1003.2	134.587799	2.19565	58.0768013	4972466.47	2264.689941	0.10428274
1003.350037	136.2597351	2.1859376	58.1373558	4889708.661	2236.893066	0.104525273
1003.5	137.2941742	2.179955	56.7967415	4839618.251	2220.054199	0.099228605
1003.650024	135.182449	2.19218	55.670799	4942773.968	2254.72998	0.094895853
1003.8	133.1592255	2.2038651	56.6751671	5044614.931	2288.985352	0.098755736
1003.950012	130.97226	2.21651	59.0642014	5158284.151	2327.209961	0.108276917
1004.1	129.158493	2.227	60.454281	5255470.985	2359.888184	0.114044786
1004.250061	129.3996429	2.225611	63.610817	5242410.953	2355.49292	0.127796381
1004.4	129.0078125	2.22785	68.3251038	5263629.585	2362.649902	0.150141733
1004.550049	127.726471	2.2352481	70.9907761	5334093.799	2386.354248	0.163809656
1004.7	128.5195313	2.2307	71.9101028	5290372.995	2371.620117	0.168706896
1004.850037	128.7005	2.2296422	70.4515076	5280454.655	2368.296875	0.160981438
1005	127.7635117	2.2350452	68.009621	5332046.821	2385.655029	0.14857506
1005.150024	129.7503052	2.22358	66.5976028	5223478.225	2349.129883	0.14169105
1005.3	131.0977173	2.215771	63.1825371	5151628.085	2324.982178	0.12587572
1005.450012	130.8293	2.21731	59.3296013	5165777.973	2329.75	0.109364949
1005.6	131.931778	2.2109432	61.2149239	5107943.262	2310.300537	0.117274221
1005.750061	130.455368	2.2194667	64.9588318	5185630.598	2336.430908	0.133957715
1005.9	127.62738	2.23584	65.5319977	5339633.088	2388.2	0.136631731
1006.050049	127.0747833	2.2390366	66.7078781	5370527.169	2398.588379	0.142221228
1006.2	128.6009064	2.23021	64.9317017	5285865.587	2370.120117	0.133831954
1006.350037	130.8152771	2.2173865	65.094299	5166487.808	2329.989746	0.134586763
1006.5	132.2629089	2.209049	66.0701218	5090749.106	2304.498047	0.139172255
1006.650024	132.5596619	2.20736	64.1568985	5075471.336	2299.340088	0.130270971
1006.8	134.0543671	2.19869	65.5091629	4999162.956	2273.700684	0.136524572
1006.950012	133.976669	2.19919	66.9107971	5003201.278	2275.02002	0.143200087
1007.1	133.9094238	2.1995447	66.5996628	5006567.56	2276.183594	0.141700943
1007.250061	131.9369659	2.2109416	65.7611542	5107705.841	2310.194824	0.137710025
1007.4	131.234375	2.21498	62.9485016	5144424.079	2322.560059	0.124833571
1007.550049	131.7380371	2.2121212	63.304409	5118147.989	2313.68335	0.126420478
1007.7	131.2673035	2.21483	63.8156013	5142790.919	2321.97998	0.128720987
1007.850037	134.1177216	2.1983323	62.9084435	4996009.095	2272.635986	0.124655716
1008	133.2326965	2.203485	65.9721222	5040968.475	2287.725342	0.138707413
1008.150024	131.0807648	2.21589	64.8033981	5152564.763	2325.280029	0.133238191
1008.3	129.7649841	2.223465	65.7434769	5222621.267	2348.865967	0.137626657
1008.450012	127.6286011	2.23585	68.3983	5339612.1	2388.179932	0.150506734
1008.6	128.5157013	2.2307358	70.094986	5290583.161	2371.67627	0.159129463
1008.750061	130.3327942	2.2202234	66.3975067	5192282.957	2338.630859	0.140732219
1008.9	128.8901672	2.22857	66.6679	5270122.336	2364.8	0.142028879
1009.050049	129.5357666	2.2248435	69.716713	5235102.925	2353.020752	0.157179868
1009.2	128.0958557	2.2331	71.212601	5313594.392	2379.469971	0.164982522
1009.350037	127.2382431	2.2380261	67.4196243	5361184.965	2395.49707	0.145673363
1009.5	128.9280853	2.2283044	68.7218246	5267944.986	2364.104736	0.152126883
1009.650024	127.00528	2.23945	73.210701	5374456.055	2399.9	0.175801597
1009.8	128.43895	2.2311254	74.9627533	5294718.221	2373.115479	0.185676127
1009.950012	130.380951	2.21995	71.8992	5189710.334	2337.76001	0.168648252
1010.1	129.8203125	2.2231722	64.2012024	5219714.146	2347.867676	0.130473006
1010.250061	128.8118439	2.2289565	63.719971	5274243.287	2366.23877	0.12828871
1010.4	130.3215027	2.22024	63.6474	5192764.093	2338.830078	0.127961257
1010.550049	129.2994843	2.22618	63.2191124	5247819.877	2357.320557	0.12603906
1010.7	129.2248383	2.22656	60.801899	5251742.389	2358.679932	0.115514143
1010.850037	130.2925415	2.2203953	61.9267883	5194319.366	2339.366943	0.120344487
1011	128.0254669	2.2335482	66.5656128	5317573.862	2380.77417	0.141537483
1011.150024	128.7987213	2.22907	69.055397	5275049.529	2366.47998	0.153809121
1011.3	128.3180237	2.2318318	66.1553574	5301373.166	2375.346191	0.139577346
1011.450012	127.495399	2.23656	66.3142014	5346876.721	2390.669922	0.14033424
1011.6	128.719574	2.2295413	65.0891113	5279428.605	2367.943848	0.13456264
1011.750061	128.1924133	2.232594	66.34388	5308377.052	2377.672363	0.140475944
1011.9	126.5736847	2.24189	65.8118973	5398650.646	2408.080078	0.137949512
1012.050049	124.8813934	2.25169	64.0728836	5495724.411	2440.710938	0.129888372
1012.2	124.7680511	2.25235	62.309299	5502333.231	2442.929932	0.122013649
1012.350037	125.3504257	2.2490089	63.123558	5468637.001	2431.576416	0.125612597
1012.5	125.8339844	2.246176	66.2221985	5440771.3	2422.237305	0.139895532
1012.650024	127.4749832	2.23673	65.745697	5348155.765	2391.060059	0.137637125
1012.8	127.3326874	2.23756	65.7211075	5356111.724	2393.72876	0.137521205
1012.950012	127.467659	2.23678	66.9851	5348565.837	2391.189941	0.143559579
1013.1	128.4285583	2.231201	69.6495361	5295314.889	2373.30249	0.156835287
1013.250061	128.0824738	2.23319	71.7175751	5314365.206	2379.719238	0.167673324
1013.4	128.168091	2.23267	69.6897964	5309579.245	2378.129883	0.157041741
1013.550049	127.0290527	2.2392354	67.998039	5372928.351	2399.447754	0.148517745
1013.7	124.759819	2.25235	66.117897	5502693.959	2443.090088	0.139399221
1013.850037	124.7970123	2.25215	63.6979561	5500583.859	2442.370117	0.128189321
1014	124.8226547	2.2520318	64.321228	5499158.159	2441.865234	0.131021308
1014.150024	124.1746063	2.2558	65.1186981	5537109.48	2454.610107	0.134700255
1014.3	125.1903381	2.2499256	64.6804123	5477884.411	2434.695801	0.132670565
1014.450012	127.027229	2.2393	65.683701	5373177.957	2399.49	0.137344979
1014.6	129.5977936	2.2244754	67.2584152	5231690.254	2351.875977	0.144886855
1014.750061	131.529068	2.213331	69.0112534	5129087.666	2317.361328	0.153585811
1014.9	131.3843384	2.21414	71.1147	5136605.333	2319.909912	0.164464199
1015.050049	130.947769	2.2166641	71.7566528	5159602.282	2327.642822	0.167882766
1015.2	129.1721039	2.22692	71.8920975	5254729.27	2359.639893	0.168610056
1015.350037	127.1242752	2.2387156	70.479187	5367625.631	2397.63623	0.161125812
1015.5	128.9306335	2.2283134	68.2382431	5267865.618	2364.05957	0.149709333
1015.650024	131.7592468	2.21199	71.5296021	5117018.717	2313.310059	0.166668297
1015.8	130.8799133	2.2170737	74.9615479	5163233.385	2328.850586	0.185669205
1015.950012	129.4394226	2.2254	76.7918015	5240305.203	2354.77002	0.196386786
1016.1	127.9945831	2.233711	75.3257141	5319251.725	2381.351807	0.187768409
1016.250061	127.7680435	2.2350354	74.133499	5331847.194	2385.576172	0.180956366
1016.4	129.6329651	2.22426	77.8054962	5229791.325	2351.25	0.202505666
1016.550049	133.2073669	2.2035818	79.2039642	5042158.835	2288.165039	0.211167692
1016.7	132.4874268	2.20774	77.1437988	5079126.644	2300.6	0.19849651
1016.850037	130.3935852	2.2198427	75.2307816	5188989.076	2337.548096	0.187219603
1017	129.2858734	2.2262511	72.4917145	5248529.37	2357.563965	0.171855197
1017.150024	128.73259	2.22943	71.554001	5278621.411	2367.7	0.166798522
1017.3	129.654953	2.2241147	75.060471	5228566.776	2350.853027	0.186237823
1017.450012	132.0454559	2.21028	79.413002	5101989.324	2308.3	0.212484845
1017.6	130.57019	2.2188084	82.8150635	5179530.859	2334.375	0.234769582
1017.750061	131.2499847	2.2149329	84.4422	5143716.07	2322.289795	0.246014479
1017.9	129.8914337	2.22273	85.654	5215791.688	2346.570068	0.254646806
1018.050049	127.826828	2.234679	84.2796249	5328542.974	2384.478027	0.244873282
1018.2	128.0815277	2.23318	79.6541977	5314365.397	2379.72998	0.214011955
1018.350037	130.668396	2.2182314	80.7416382	5174302.561	2332.625244	0.220995595
1018.5	129.9532776	2.2223639	79.3422089	5212469.344	2345.46167	0.212038116
1018.650024	128.3796234	2.23153	85.0187	5298120.754	2374.209961	0.250093336
1018.8	129.4308319	2.2254338	85.9879684	5240722.737	2354.921875	0.25706541
1018.950012	127.8163528	2.2347	81	5329021.874	2384.669922	0.222678816
1019.1	126.33667	2.2432976	83.6202545	5412161.935	2412.592041	0.240285266
1019.250061	127.3800964	2.2372172	84.2555161	5353303.001	2392.840088	0.244704387
1019.4	128.6780243	2.22975	80.6048965	5281608.825	2368.7	0.22010848
1019.550049	129.856979	2.222965	79.0411987	5217730.314	2347.194092	0.210146169
1019.7	132.0485077	2.21028	79.5295029	5101856.707	2308.24	0.213221478
1019.850037	132.1676483	2.2095857	80.619072	5095695.186	2306.176758	0.220200324
1020	129.8529663	2.22301	80.5389328	5218007.439	2347.27124	0.219681466
1020.150024	129.7055054	2.22379	80.6264038	5225772.942	2349.939941	0.220247838
1020.3	130.5435333	2.2190228	75.0912247	5181082.351	2334.848633	0.186414843
1020.450012	129.365036	2.22581	74.6667023	5244275.718	2356.120117	0.183981522
1020.6	127.566681	2.2361665	75.2614365	5342938.24	2389.329346	0.187396698
1020.750061	128.9842529	2.22798	76.57473	5264899.504	2363.082031	0.19509364
1020.9	128.7505646	2.22935	78.6235962	5277696.571	2367.370117	0.207541475
1021.050049	128.155609	2.2327945	79.6087036	5310395.363	2378.362793	0.213723311
1021.2	130.4641571	2.21942	79.8527985	5185164.408	2336.27002	0.215275303
1021.350037	131.5986938	2.2128716	79.431801	5125306.683	2316.133789	0.212603586
1021.5	131.0440063	2.216101	79.9051514	5154503.223	2325.93335	0.215609227
1021.650024	130.5912628	2.21874	81.2466965	5178539.16	2334	0.224294735
1021.8	130.5976257	2.2187171	78.099319	5178226.247	2333.883057	0.204304166
1021.950012	127.5359344	2.23639	78.1527023	5344770.628	2389.909912	0.204632141
1022.1	127.944099	2.2340279	80.4154129	5322088.232	2382.283691	0.218883479
1022.250061	128.7771	2.2292013	81.6737442	5276263.141	2366.88501	0.227112215
1022.4	128.102249	2.23308	78.5748978	5313279.116	2379.350098	0.207239241
1022.550049	131.3258362	2.2144463	78.1316833	5139616.869	2320.948975	0.20450296
1022.7	132.8684235	2.20554	77.8490982	5059508.76	2294	0.202771842
1022.850037	131.3719177	2.2141833	76.2866211	5137214.463	2320.139648	0.193386546
1023	130.02153	2.2219839	78.0613785	5208845.071	2344.231689	0.204071295
1023.150024	128.4524689	2.23108	82.4189987	5294040.728	2372.860107	0.232091107
1023.3	128.0487366	2.2334156	82.8567581	5316303.409	2380.34668	0.235052873
1023.450012	129.8807678	2.22282	77.8315964	5216447.336	2346.77002	0.202664969
1023.6	131.480545	2.2135689	75.63665	5131510.448	2318.206787	0.189573747
1023.750061	131.9233551	2.211	77.4805069	5108355.721	2310.427734	0.200529504
1023.9	132.2478485	2.20913	77.0214	5091514.481	2304.76001	0.197761103
1024.050049	131.8851318	2.21122	74.6666031	5110350.542	2311.1	0.183980956
1024.2	130.4073181	2.2197642	73.0289536	5188240.341	2337.293457	0.174798281
1024.350098	129.49028	2.2250633	75.4308014	5237396.476	2353.819092	0.188377219
1024.5	130.9332428	2.21671	80.0921021	5160279.209	2327.9	0.216804712
1024.650024	132.6754761	2.20667	79.4537964	5069449.363	2297.330078	0.212742578
1024.8	132.822998	2.20583	77.3585968	5061894.631	2294.780029	0.199791739
1024.950073	133.4812775	2.202004	78.9127121	5028192.806	2283.462158	0.209342288
1025.1	132.60141	2.2070725	81.1529846	5073304.768	2298.657959	0.223679897
1025.25	129.9740448	2.22229	81.993401	5211448.007	2345.080078	0.229238068
1025.4	129.280014	2.22629	80.2016983	5248856.97	2357.669922	0.217507766
1025.550049	129.9618378	2.22236	77.7258987	5212100.908	2345.3	0.202020387
1025.7	130.834869	2.217331	79.8066025	5165609.278	2329.651856	0.21498096
1025.850098	132.7915039	2.2059865	81.8927765	5063379.917	2295.290527	0.228567305
1026	135.6585541	2.18944	82.478302	4919277.731	2246.820068	0.232490716
1026.150024	134.244278	2.19763	83.740303	4989696.939	2270.49	0.241115778
1026.3	132.4740143	2.20785	88.0523987	5079887.688	2300.830078	0.272405384
1026.450073	132.642731	2.2068841	85.228981	5071205.223	2297.902832	0.251593671
1026.6	131.73053	2.2121553	80.4109573	5118545.53	2313.827393	0.218854734
1026.75	130.534256	2.21906	77.2929	5181549.526	2335.02002	0.199394957
1026.9	131.4968262	2.21345	80.455299	5130622.007	2317.929932	0.219140929
1027.050049	131.5041351	2.21346	82.365097	5130357.588	2317.8	0.231728334
1027.2	131.852478	2.2113848	80.8731537	5112003.065	2311.675049	0.221851254
1027.350098	132.908279	2.2053416	77.1359024	5057476.617	2293.284912	0.198449008
1027.5	134.7185516	2.19489	74.801399	4965916.676	2262.49	0.184751201
1027.650024	134.12236	2.19831	71.8014984	4995769.498	2272.550049	0.168123338
1027.8	129.3979645	2.22564	73.3200989	5242539.577	2355.52002	0.176407398
1027.950073	129.5149841	2.2249417	75.35025	5236168.345	2353.395752	0.187910432
1028.1	129.116211	2.2272472	76.523491	5257753.06	2360.650879	0.194789271
1028.25	129.7207489	2.22369	75.4044037	5224915.25	2349.659912	0.188224159
1028.4	130.596741	2.21863	73.1934967	5178060.557	2333.9	0.175706456
1028.550049	129.8624878	2.2229	70.68	5217368.59	2347.1	0.162175798
1028.7	127.696373	2.2354331	71.982666	5335775.788	2386.90918	0.169097552
1028.850098	127.0866547	2.2389927	71.8133545	5369786.688	2398.304688	0.168186978
1029	130.8058319	2.21748	69.917	5167105.198	2330.169922	0.158210171
1029.150024	130.6436768	2.21839	70.4508972	5175637.103	2333.060059	0.160978255
1029.3	129.7710419	2.22341	74.6048965	5222234.238	2348.75	0.183629095
1029.450073	128.21788	2.232419	74.6761551	5306924.324	2377.208008	0.184035465
1029.6	128.3488464	2.2316864	74.8567886	5299739.776	2374.769043	0.185068349
1029.75	129.0901184	2.22736	76.191597	5259108.551	2361.139893	0.192825814
1029.9	130.5373077	2.21906	81.4701	5181416.251	2334.959961	0.225765449
1030.050049	130.28981	2.22043	81.5462036	5194473.942	2339.4	0.226268062
1030.2	127.75811	2.2350526	79.3863449	5332301.84	2385.76123	0.21231655
1030.350098	125.0983658	2.2504556	81.53215	5483233.971	2436.499512	0.226175186
1030.5	123.8749847	2.25754	82.704399	5554790.157	2460.550049	0.234018905
1030.650024	124.475441	2.25407	81.5468979	5519495.973	2448.679932	0.226272651
1030.8	127.0214386	2.23931	77.002701	5373426.08	2399.590088	0.197648923
1030.950073	130.0697327	2.2216783	76.627655	5206180.908	2343.35498	0.195408374
1031.1	130.41774	2.21967	78.2947311	5187616.444	2337.111572	0.205506559
1031.25	130.3099213	2.22031	77.8459015	5193393.989	2339.040039	0.202752319
1031.4	131.9689484	2.21075	77.724899	5106014.263	2309.629883	0.202014298
1031.550049	132.1737671	2.20958	78.2832031	5095424.184	2306.060059	0.205435486
1031.7	131.493988	2.213495	74.423401	5130827.37	2317.975586	0.182596863
1031.850098	132.5106354	2.2076015	70.3722763	5077912.466	2300.194336	0.160568645
1032	132.2012024	2.20943	70.708099	5094017.792	2305.580078	0.162323079
1032.150024	131.4498749	2.21378	73.4655	5133202.375	2318.75	0.177214765
1032.3	131.3090515	2.21456	75.2284012	5140525.254	2321.24	0.187205857
1032.450073	131.2571259	2.214831	70.8826447	5143196.086	2322.161865	0.16323994
1032.6	131.113541	2.2156887	67.995369	5150804.38	2324.696777	0.148504535
1032.75	131.334351	2.21441	69.0719986	5139180.67	2320.790039	0.153893158
1032.9	133.1595	2.20387	70.0644	5044614.309	2288.97998	0.158971239
1033.050049	134.4652557	2.19636	69.9307022	4978621.016	2266.76001	0.158280818
1033.2	134.44014	2.196501	70.9932175	4979867.813	2267.182129	0.163822534
1033.350098	134.2931671	2.1973462	74.7096863	4987269.891	2269.678711	0.184226899
1033.5	132.9446259	2.20512	78.1258011	5055634.371	2292.679932	0.204466819
1033.650024	130.4108124	2.21972	78.3392029	5187996.131	2337.22998	0.205780901
1033.8	128.7776947	2.22918	78.0409012	5276179.528	2366.870117	0.203945688
1033.950073	129.1016388	2.22736	77.2822571	5258636.542	2360.927979	0.199330731
1034.1	131.2817688	2.21476	74.6450653	5141988.178	2321.690918	0.183858091
1034.25	133.32135	2.20294	73.991501	5036383.371	2286.209961	0.180156529
1034.4	132.9942932	2.20482	73.5945969	5053072.793	2291.830078	0.177933705
1034.550049	131.716568	2.21222	74.6503983	5119209.943	2314.060059	0.183888509
1034.7	130.2546082	2.220629	75.6769028	5196354.265	2340.037109	0.189808339
1034.850098	130.4541321	2.2194929	73.7183914	5185684.768	2336.427734	0.178624982
1035	131.988449	2.21062	72.6120987	5104962.746	2309.290039	0.172511747
1035.150024	134.4759369	2.1963	74.3876038	4978089.826	2266.580078	0.182393743
1035.3	134.2619629	2.19752	77.3486023	4988787.8	2270.189941	0.19973134
1035.450073	133.9046783	2.199554	80.2549362	5006715.998	2276.241455	0.217849879
1035.6	133.0844574	2.2042975	79.4356155	5048485.451	2290.292236	0.212627686
1035.75	131.5099335	2.21338	80.9189	5129950.826	2317.7	0.22214945
1035.9	131.0076141	2.21631	81.0327988	5156422.693	2326.580078	0.222893165
1036.050049	131.9518738	2.21085	80.0179977	5106908.589	2309.929932	0.216330268
1036.2	133.479691	2.2020326	80.074295	5028337.679	2283.498291	0.216690635
1036.350098	132.901413	2.205351	76.3843	5057758.229	2293.402832	0.193964133
1036.5	134.8715668	2.19396	76.0150986	4958195.873	2259.929932	0.191787323
1036.650024	134.2570953	2.1975	69.5	4988918.369	2270.27002	0.156070023
1036.8	131.1862183	2.21525	69.446701	5146933.808	2323.409912	0.155797851
1036.950073	129.9044952	2.2227068	68.6021881	5215226.068	2346.340088	0.151526461
1037.1	130.5923157	2.218689	64.7733688	5178370.292	2333.977539	0.133099457
1037.25	130.7750549	2.21769	66.0858	5168814.372	2330.719971	0.139246712
1037.4	134.4585571	2.19637	68.6718979	4978885.519	2266.870117	0.151876129
1037.550049	132.494431	2.20773	68.1956024	5078816.569	2300.469971	0.149497357
1037.7	129.1903381	2.2267857	64.2401123	5253673.007	2359.307861	0.1306506
1037.850098	127.998497	2.23367	63.1442986	5319143.729	2381.347168	0.125705089
1038	123.71283	2.2584	60.07	5564178.213	2463.77002	0.11243311
1038.150024	120.9135513	2.2746	47.01	5733834.559	2520.810059	0.06483538
1038.3	122.1236038	2.26764	47.588501	5659644.118	2495.830078	0.066674525
1038.450073	122.5665436	2.2650673	50.3056564	5632807.629	2486.816895	0.075623624
1038.6	125.244949	2.24955	49.1521225	5474498.509	2433.597168	0.071760828
1038.75	127.3497086	2.2374	52.0035019	5355015.337	2393.409912	0.081485212
1038.9	128.0422058	2.23347	52.7529984	5316685.909	2380.459961	0.084141195
1039.050049	126.71389	2.24112	49.9473	5390834.695	2405.419922	0.074413396
1039.2	124.5496826	2.253619	50.213604	5515093.17	2447.216309	0.075311863
1039.350098	124.773674	2.2523141	48.0104866	5501951.895	2442.799561	0.068030499
1039.5	126.06192	2.2449	50.077499	5427854.155	2417.860107	0.074852028
1039.650024	124.31176	2.25495	51.951099	5528911.905	2451.9	0.081301099
1039.8	124.2892151	2.25513	52.910801	5530345.702	2452.340088	0.084705841
1039.950073	125.2649536	2.2494514	48.1453133	5473465.537	2433.244629	0.068466324
1040.1	124.9806213	2.2511165	49.269146	5490026.877	2438.801758	0.072148374
1040.25	123.6366272	2.25886	51.290199	5568745.057	2465.290039	0.078996695
1040.4	123.81646	2.25786	52.794399	5558196.453	2461.709961	0.08428915
1040.550049	124.9890289	2.25105	55.472401	5489433.282	2438.610107	0.094143141
1040.7	124.7748032	2.2522628	57.2485771	5501839.775	2442.80542	0.100996846
1040.850098	126.3295746	2.2433181	55.2555885	5412529.051	2412.733643	0.093324207
1041	126.732491	2.24097	55.4872017	5389689.871	2405.070068	0.094199184
1041.150024	125.9311676	2.24561	54.598301	5435207.339	2420.370117	0.090864596
1041.3	127.0351563	2.23922	54.952801	5372650.312	2399.340088	0.092186864
1041.450073	126.8784866	2.2401135	57.4479828	5381428.052	2402.301514	0.10178266
1041.6	126.1454163	2.2444031	59.2716179	5423010.497	2416.237305	0.109126714
1041.75	127.6063538	2.23597	57.816601	5340837.942	2388.6	0.103244149
1041.9	127.98735	2.23376	54.827	5319677.102	2381.49	0.091716486
1042.050049	127.5414276	2.23632	53.769199	5344380.03	2389.810059	0.08781092
1042.2	127.5884476	2.2360649	53.5659065	5341815.471	2388.935791	0.087070395
1042.350098	126.568871	2.2419333	56.1580048	5399002.864	2408.190674	0.096757885
1042.5	125.8912354	2.24583	59.1087	5437468.605	2421.139893	0.108458913
1042.650024	126.4840775	2.24241	60.6274986	5403737.281	2409.790039	0.1147756
1042.8	126.9793777	2.23955	65.2180023	5375793.184	2400.389893	0.135162778
1042.950073	125.7454071	2.24671	70.9093781	5445895.591	2423.942383	0.163380669
1043.1	123.6950378	2.2585425	72.5986938	5565339.309	2464.128662	0.172438556
1043.25	123.1666336	2.26157	71.3671036	5596707.279	2474.7	0.165802722
1043.4	122.5216751	2.26531	71.2567978	5635456.928	2487.719971	0.16521687
1043.550049	121.5505829	2.27092	73.8151016	5694558.992	2507.6	0.179166293
1043.7	123.3734589	2.2603717	74.9013824	5584366.932	2470.55249	0.185323956
1043.850098	125.080391	2.2505238	71.1845779	5484174.856	2436.84375	0.164834047
1044	124.2236862	2.25547	67.226601	5534111.169	2453.639893	0.14473196
1044.150024	125.3654556	2.24889	65.516899	5467703.856	2431.290039	0.13656087
1044.3	126.41	2.24282	63.1200981	5407887.584	2411.2	0.125597172
1044.450073	124.877541	2.251703	62.1579666	5495935.903	2440.790772	0.121351648
1044.6	124.2195129	2.2555261	62.60553	5534397.498	2453.705811	0.12331572
1044.75	125.0990677	2.25042	60.4294014	5483080.752	2436.469971	0.113940039
1044.9	124.6595459	2.25295	60.317101	5508598.059	2445.060059	0.113467933
1045.050049	126.3359451	2.24331	62.0822983	5412254.835	2412.620117	0.121021441
1045.2	128.2688751	2.2320871	66.2317276	5304020.949	2376.260742	0.13994093
1045.350098	128.8834229	2.2285485	71.7802048	5270350.17	2364.925049	0.168009081
1045.5	129.2068634	2.22672	73.2692032	5252854.769	2359.01001	0.176125382
1045.650024	129.9755554	2.2223	72.0454025	5211426.968	2345.060059	0.169435793
1045.8	131.9723053	2.21074	69.5225983	5105881.062	2309.580078	0.156185515
1045.950073	130.6477814	2.218394	70.18187	5175494.246	2332.991455	0.159579488
1046.1	131.9387512	2.2109039	66.947121	5107566.389	2310.171143	0.143375758
1046.25	131.1502533	2.21551	67.217598	5148956.124	2324.050049	0.144688145
1046.4	129.3449249	2.22589	65.3956985	5245287.526	2356.49	0.135992877
1046.550049	130.3873444	2.21991	62.8058014	5189372.395	2337.649902	0.124200687
1046.7	131.5050354	2.2133951	60.2652512	5130177.55	2317.786621	0.11325034
1046.850098	130.36	2.2200546	61.185173	5190831.286	2338.154785	0.117146919
1047	129.3501129	2.22585	58.8193016	5244992.94	2356.4	0.107278388
1047.150024	130.911911	2.21689	59.2174	5161540.713	2328.280029	0.108904216
1047.3	135.09285	2.19275	60.5136986	4947348.289	2256.22998	0.114295167
1047.450073	133.8548737	2.1998224	56.3357964	5009210.431	2277.097656	0.097442223
1047.6	135.4998169	2.1904049	53.3819656	4927237.747	2249.464356	0.086403128
1047.75	134.438446	2.19652	55.7981	4979972.024	2267.209961	0.09538051
1047.9	131.899765	2.2112	55.7619019	5109751.736	2310.850098	0.095242563
1048.050049	129.17424	2.22687	57.766701	5254522.452	2359.6	0.103045632
1048.2	128.4945679	2.2307918	60.1175385	5291627.68	2372.084961	0.11263177
1048.350098	128.16214	2.2327557	61.022091	5309998.368	2378.226318	0.116450542
1048.5	129.0706024	2.22746	63.5838013	5260146.79	2361.5	0.127674706
1048.650024	131.1880646	2.21529	62.348	5146960.221	2323.379883	0.12218329
1048.8	131.5882568	2.21293	63.3321	5125854.169	2316.320068	0.126544452
1048.950073	130.2400513	2.220719	64.52475	5197147.158	2340.299316	0.13195426
1049.1	128.2596436	2.232161	67.7817841	5304582.387	2376.433594	0.147450184
1049.25	128.0294189	2.2335	67.884903	5317293.45	2380.7	0.147958624
1049.4	128.7920227	2.22909	65.6175	5275386.924	2366.610107	0.137033444
1049.550049	130.510788	2.21914	64.4880981	5182668.192	2335.439941	0.131785946
1049.7	129.5016327	2.22503	65.5869675	5236926.976	2353.643311	0.13688991
1049.850098	127.2958069	2.2377346	66.3998566	5358036.425	2394.4021	0.140743456
1050	128.4658813	2.23096	65.7325974	5293198.245	2372.610107	0.137575363
1050.150024	128.3430481	2.23171	65.8412018	5300065.522	2374.889893	0.138087935
1050.3	129.0108643	2.22787	63.682899	5263543.579	2362.590088	0.128121371
1050.450073	129.1921387	2.226784	63.550087	5253590.168	2359.272461	0.127522961
1050.6	128.3482056	2.2316666	67.8311157	5299716.184	2374.779541	0.147693279
1050.75	129.0629883	2.22756	68.8296967	5260694.559	2361.639893	0.152669581
1050.9	128.4137573	2.2313	64.4378967	5296169.228	2373.580078	0.131555625
1051.050049	128.4472961	2.23106	62.7361984	5294216.051	2372.959961	0.123892693
1051.2	128.17363	2.2326286	61.828171	5309252.949	2378.027832	0.119916359
1051.350098	126.357941	2.2431669	60.5672417	5411018.018	2412.222656	0.114521066
1051.5	124.9207535	2.25149	62.7128983	5493522.916	2439.949951	0.123789692
1051.650024	124.4641647	2.25412	66.5393982	5520114.468	2448.9	0.141411719
1051.8	124.59584	2.25332	64.611	5512319.381	2446.310059	0.132350858
1051.950073	124.938431	2.2513666	62.4201012	5492430.33	2439.598389	0.122499711
1052.1	125.672279	2.2471235	64.1426468	5450036.512	2425.339111	0.130206022
1052.25	127.0293655	2.23928	65.9190979	5373040.287	2399.449951	0.138456308
1052.4	127.7611847	2.23509	64.5182037	5332254.213	2385.7	0.131924188
1052.550049	126.7742462	2.24078	62.1619987	5387440.175	2404.27002	0.121369259
1052.7	125.416519	2.248609	64.293579	5464787.974	2430.297119	0.130894877
1052.850098	125.604401	2.2475247	67.7058716	5453962.727	2426.653076	0.147076603
1053	126.6971283	2.24121	68.8977966	5391768.545	2405.74	0.153012832
1053.150024	126.2646179	2.24368	67.1537018	5416198.602	2413.97998	0.144377429
1053.3	124.23465	2.2554	62.657101	5533443.292	2453.419922	0.123543242
1053.450073	122.3539581	2.2662675	59.4502563	5645582.737	2491.136963	0.10986163
1053.6	120.7624359	2.2754734	54.8539848	5743229.864	2523.971436	0.091817277
1053.75	120.0841827	2.27943	50.2897	5785694.748	2538.219971	0.075569539
1053.9	121.274429	2.27253	47.1825981	5711572.507	2513.310059	0.065381718
1054.050049	123.61956	2.25894	45.6631012	5569709.967	2465.629883	0.060640462
1054.2	126.5566635	2.242009	46.6357956	5399665.204	2408.404785	0.06365778
1054.350098	128.8591	2.2287326	49.4617271	5271726.888	2365.347412	0.072788257
1054.5	130.395889	2.2198	52.934601	5188782.5	2337.5	0.084791167
1054.650024	129.816452	2.22318	52.6101	5219870.865	2347.929932	0.08363152
1054.8	128.2537384	2.2322	51.770401	5304912.675	2376.540039	0.08066781
1054.950073	126.8262177	2.2404325	50.3144722	5384405.829	2403.288574	0.075653513
1055.1	126.276291	2.243618	48.0725327	5415538.425	2413.752441	0.068230906
1055.25	126.7599182	2.24086	49.0884018	5388260.022	2404.550049	0.071550212
1055.4	128.5679932	2.23041	52.526699	5287699.855	2370.72998	0.083334772
1055.550049	128.165649	2.2327	56.3644981	5309739.985	2378.169922	0.097552943
1055.7	126.899231	2.2400818	58.576	5380464.288	2401.905273	0.106291537
1055.850098	126.5476151	2.2421021	55.380619	5400224.976	2408.554443	0.093796003
1056	128.21991	2.23241	53.3144989	5306817.905	2377.169922	0.086159042
1056.150024	127.4	2.23713	51.111401	5352243.953	2392.459961	0.078378842
1056.3	126.7190781	2.24103	53.8512	5390394.433	2405.320068	0.088110534
1056.450073	127.3209	2.2375658	55.1552315	5356633.649	2393.955811	0.092946426
1056.6	128.247818	2.2322273	55.5594978	5305203.175	2376.641113	0.094473189
1056.75	128.82312	2.22889	52.8563	5273642.983	2366.040039	0.084510612
1056.9	127.6023865	2.23596	56.0019	5340970.399	2388.669922	0.096159162
1057.050049	126.8108215	2.2405	57.56	5385221.165	2403.580078	0.102225566
1057.2	125.5335159	2.2478976	55.770519	5457967.815	2428.032227	0.095275392
1057.350098	126.0348129	2.2450528	56.4070015	5429338.456	2418.356689	0.097717029
1057.5	127.5487442	2.23629	56.0427017	5343994.95	2389.669922	0.09631546
1057.650024	128.1153564	2.23297	55.4244	5312481.497	2379.110107	0.093961507
1057.8	127.5176468	2.23644	56.323299	5345673.097	2390.26001	0.097394034
1057.950073	125.7444153	2.2467263	57.1548958	5445989.953	2423.966797	0.100628823
1058.1	126.5939941	2.2418463	58.4988365	5397738.108	2407.719971	0.105979625
1058.25	125.3221741	2.24919	58.2938	5470322.211	2432.129883	0.105153319
1058.4	125.2532959	2.24951	57.938	5474115.034	2433.469971	0.103727995
1058.550049	124.7835922	2.25222	59.7251015	5501339.875	2442.629883	0.110997833
1058.7	126.0696182	2.2448	61.8210373	5427272.032	2417.708496	0.119885425
1058.850098	126.1597061	2.2442858	60.7633476	5422214.218	2416.008789	0.11535065
1059	124.96891	2.2512	57.8776016	5490699.335	2439.01001	0.103487116
1059.150024	126.3786087	2.24304	58.4637985	5409763.872	2411.8	0.105838164
1059.3	126.3731232	2.24311	56.8013	5410179.243	2411.909912	0.099246359
1059.450073	125.3545532	2.248981	58.1072083	5468396.203	2431.499512	0.104404487
1059.6	127.3126144	2.2376447	61.189301	5357202.756	2394.125732	0.117164578
1059.75	126.30394	2.2435	62.9035988	5414081.46	2413.22998	0.124634216
1059.9	128.1894379	2.23262	60.9786	5308567.508	2377.72998	0.116265241
1060.050049	128.4421082	2.23114	60.0777016	5294606.886	2373.050049	0.112465281
1060.2	128.3101349	2.2318976	60.2149849	5301853.133	2375.491211	0.113039623
1060.350098	130.9393158	2.2167	63.39027	5160035.451	2327.800537	0.126805122
1060.5	130.9146423	2.21684	65.5597	5161313.349	2328.22998	0.136761804
1060.650024	129.52446	2.22488	62.681	5235632.049	2353.219971	0.123648765
1060.8	128.6021271	2.23021	59.8475	5285820.721	2370.1	0.111505977
1060.950073	128.0143585	2.2336	60.5224342	5318162.338	2380.982422	0.114332005
1061.1	127.8606339	2.2344813	62.2825775	5326677.739	2383.854248	0.1218966
1061.25	127.5959854	2.23599	60.909599	5341310.639	2388.790039	0.115971603
1061.4	129.019699	2.2278	56.37	5263021.402	2362.429932	0.097574174
1061.550049	129.351944	2.22587	54.8501015	5244951.272	2356.360107	0.091802769
1061.7	128.701111	2.229589	55.0643616	5280282.393	2368.276123	0.092605057
1061.850098	128.9616241	2.22811	53.674221	5266185.31	2363.52124	0.087464547
1062	126.88916	2.24007	53.5805016	5380872.147	2402.1	0.087123453
1062.150024	124.8003616	2.25215	54.9478	5500425.945	2442.3	0.092168141
1062.3	125.8446045	2.24613	57.4519	5440194.309	2422.030029	0.10179813
1062.450073	126.6391983	2.2415318	60.3983727	5394999.838	2406.836182	0.113809483
1062.6	126.2327118	2.243889	60.4967957	5418068.303	2414.588379	0.114223907
1062.75	126.3597183	2.24316	61.4739	5410860.628	2412.159912	0.118385781
1062.9	127.4475479	2.2369	64.5171967	5349703.086	2391.570068	0.131919563
1063.050049	128.197052	2.23255	65.2065964	5308088.751	2377.590088	0.135109604
1063.2	128.2325745	2.2323439	63.6936455	5306125.579	2376.930176	0.128169866
1063.350098	129.55571	2.2247078	58.964447	5234036.258	2352.684815	0.107869558
1063.5	127.88372	2.23436	60.7436981	5325418.137	2383.419922	0.11526737
1063.650024	124.689415	2.25278	62.561199	5506853.061	2444.469971	0.12312034
1063.8	122.7941666	2.26378	61.512199	5619154.716	2482.2	0.118550688
1063.950073	123.0987244	2.262019	60.348484	5600900.972	2476.062744	0.113599752
1064.1	125.4185028	2.2486012	62.299	5464619.148	2430.230469	0.121968528
1064.25	127.319839	2.23759	63.282101	5356723.267	2393.969971	0.126320657
1064.4	128.0086823	2.23363	64.5274963	5318474.253	2381.090088	0.131966877
1064.550049	128.0367279	2.23348	65.8800964	5316955.636	2380.570068	0.138271792
1064.7	126.5732574	2.241946	64.234329	5398807.393	2408.089844	0.130624195
1064.850098	125.3010712	2.2492785	66.6106949	5471450.126	2432.535645	0.141753929
1065	125.584	2.24767	67.7085037	5455230.082	2427.060059	0.147089546
1065.150024	125.3477783	2.24899	62.711201	5468711.29	2431.629883	0.123782191
1065.3	125.6952515	2.24697	61.0887985	5448699.825	2424.909912	0.116735097
1065.450073	127.9251175	2.2341483	62.13266	5323181.774	2382.644775	0.121241154
1065.6	128.251709	2.232229	64.1748962	5305067.701	2376.578613	0.130353021
1065.75	128.3561554	2.23163	64.5384979	5299317.624	2374.639893	0.132017427
1065.9	128.3814545	2.23148	62.2313	5297912.697	2374.169922	0.121672176
1066.050049	129.5122681	2.2249	61.3855019	5236190.796	2353.449951	0.118005673
1066.2	131.68689	2.2123473	63.4784317	5120658.767	2314.581787	0.127200809
1066.350098	132.282196	2.208911	64.7361832	5089710.062	2304.171631	0.132927784
1066.5	132.162201	2.20966	60.420601	5096050.494	2306.26001	0.113903002
1066.650024	130.6921387	2.2181	65.08	5173052.82	2332.2	0.134520279
1066.8	129.2842712	2.22629	69.1069031	5248701.304	2357.6	0.154069942
1066.950073	127.77597	2.2349653	68.8551483	5331343.301	2385.425537	0.152797809
1067.1	128.7238464	2.229543	65.2269211	5279266.612	2367.869385	0.135204367
1067.25	128.11261	2.23306	61.0732	5312806.833	2379.159912	0.116668522
1067.4	126.8193588	2.24053	61.6633987	5384934.438	2403.419922	0.119203042
1067.550049	124.76683	2.25235	64.3066025	5502400.868	2442.959961	0.13095442
1067.7	122.09774	2.2678	61.9976044	5661238.254	2496.356934	0.120652479
1067.850098	119.912201	2.280422	62.7382545	5796532.083	2541.868164	0.123901785
1068	119.44381	2.2831	63.4137	5826083.251	2551.830078	0.126910208
1068.150024	120.961411	2.27432	68.3450012	5730854.412	2519.810059	0.150240897
1068.3	123.0157547	2.26245	71.6421967	5605740.193	2477.72998	0.167269816
1068.450073	124.660919	2.2529774	70.2912521	5508599.599	2445.031006	0.160147234
1068.6	125.226509	2.2497017	65.939621	5475764.051	2433.995606	0.138553465
1068.75	124.8860016	2.25164	66.9493027	5495419.869	2440.629883	0.143386314
1068.9	124.6254044	2.25314	66.314301	5510572.047	2445.72998	0.140334715
1069.050049	125.5273056	2.24795	63.044399	5458382.074	2428.159912	0.125259967
1069.2	126.3982773	2.2429442	65.7223053	5408690.184	2411.424316	0.13752685
1069.350098	125.4760132	2.2482886	65.7234573	5461420.702	2429.145752	0.13753228
1069.5	125.7473755	2.24667	65.665199	5445725.682	2423.909912	0.137257866
1069.650024	127.2613144	2.2379	65.4548035	5359927.306	2395.070068	0.136269682
1069.8	128.8468933	2.22876	63.888901	5272354.656	2365.6	0.129052921
1069.950073	130.1994781	2.220961	62.2592545	5199318.502	2341.021973	0.121794493
1070.1	130.05835	2.2217922	62.4468384	5206920.274	2343.567627	0.122617172
1070.25	129.55249	2.22469	64.4558029	5234050.323	2352.709961	0.131637749
1070.4	128.1851654	2.23258	66.6883011	5308651.181	2377.810059	0.142127015
1070.550049	126.1061249	2.24463	70.223801	5425293.179	2417.01001	0.159796974
1070.7	124.57412	2.2534738	74.0321426	5513649.609	2446.733398	0.180385204
1070.850098	123.73468	2.258331	74.8149338	5563041.695	2463.342041	0.184828663
1071	123.6079788	2.25908	69.944	5570575.251	2465.860107	0.1583494
1071.150024	124.1301041	2.25604	66.7100983	5539683.66	2455.49	0.142231915
1071.3	125.47184	2.24827	64.2097015	5461564.887	2429.22998	0.130511785
1071.450073	127.4198532	2.2370145	61.64196	5351145.127	2392.092285	0.119110416
1071.6	128.5899048	2.23024	62.4556122	5286405.498	2370.330322	0.122655732
1071.75	128.5643311	2.2304	63.3266983	5287832.32	2370.8	0.126520263
1071.9	127.9166412	2.23417	65.0948029	5323580.276	2382.8	0.134589107
1072.050049	126.8662949	2.24022	67.4166031	5382195.822	2402.530029	0.145658598
1072.2	126.192627	2.2441068	66.165451	5420325.494	2415.359863	0.139625366
1072.350098	126.8589325	2.2402914	63.6497345	5382618.958	2402.642334	0.127971783
1072.5	128.67894	2.22976	62.9494019	5281610.084	2368.689941	0.12483757
1072.650024	130.1864777	2.22108	61.7473984	5200125.783	2341.26001	0.119566372
1072.8	130.0398712	2.22192	63.0873985	5207958.288	2343.9	0.125451443
1072.950073	129.5871124	2.2245078	63.01923	5232230.799	2352.084717	0.125147972
1073.1	127.9348831	2.234031	65.7613754	5322567.949	2382.495117	0.137711069
1073.25	125.646179	2.24728	69.4252014	5451586.902	2425.860107	0.155688151
1073.4	126.0988083	2.24468	65.148201	5425728.043	2417.149902	0.134837567
1133.1	125.2221451	2.2497187	51.8319588	5476000.412	2434.082275	0.080883276
1133.25	125.166748	2.2500148	49.0295448	5479135.955	2435.155518	0.071355926
1133.4	125.6466064	2.2472479	47.0919876	5451520.554	2425.865234	0.06509465
1133.550049	125.9935532	2.2452726	46.212891	5431693.748	2419.168945	0.06233821
1133.7	126.169548	2.2442544	44.7221565	5421655.095	2415.793457	0.057780716
1133.850098	125.7114868	2.2468824	42.0988274	5447825.297	2424.615234	0.050104907
1134	124.6588211	2.2529786	41.155365	5508803.848	2445.120361	0.047447895
1134.150024	123.130569	2.2618127	46.2879868	5599141.083	2475.510498	0.062571658
1134.3	122.5605011	2.265106	52.262249	5633148.297	2486.924805	0.082397327
1134.450073	123.1361465	2.2617836	53.6927872	5598660.423	2475.329834	0.087532201
1134.6	124.2463	2.2553647	51.9480667	5532948.672	2453.239014	0.081290451
1134.75	125.5351181	2.2478945	51.2125053	5458025.047	2428.061035	0.078727927
1134.9	126.5057144	2.2423136	52.29435	5402624.695	2409.397461	0.082510839
1135.050049	126.56115	2.241977	51.9419556	5399425.023	2408.332031	0.081268995
1135.2	126.1003876	2.2446613	47.3455887	5425644.481	2417.132813	0.065899498
1135.350098	125.4882431	2.2481666	44.331791	5460633.109	2428.927246	0.056611082
1135.5	124.902298	2.2515712	40.728821	5494543.941	2440.31543	0.046264121
1135.650024	124.60688	2.2532525	40.3583488	5511669.609	2446.094971	0.045244681
1135.8	124.4050446	2.2544427	44.0154114	5523543.131	2450.070313	0.055670261
1135.950073	123.9214935	2.2572067	53.427731	5551896.909	2459.631592	0.086568902
1136.1	124.0575638	2.256409	57.0612144	5543831.649	2456.926758	0.100261536
1136.25	125.7140961	2.2469	54.9986649	5448023.213	2424.684326	0.092358668
1136.4	127.75219	2.2351415	51.2135277	5333009.42	2385.98291	0.078731461
1136.550049	128.7498169	2.2293417	50.6940575	5277741.69	2367.39917	0.076945826
1136.7	128.6625824	2.2298279	50.2963486	5282444.875	2368.992188	0.075592072
1136.850098	128.6871338	2.2297144	48.498791	5281166.744	2368.539551	0.069614915
1137	126.49054	2.242383	48.09898	5403999.596	2409.936035	0.06831641
1137.150024	124.9220123	2.2514236	49.9776039	5493359.804	2439.949463	0.074515379
1137.3	124.71299	2.2526624	53.4856224	5505524.505	2444.007813	0.086778832
1137.450073	124.879959	2.2516816	55.1794014	5495784.169	2440.746582	0.093037337
1137.6	124.459801	2.2540929	55.4660416	5520273.512	2449	0.094119067
1137.75	123.9552078	2.257001	54.931721	5549870.683	2458.958008	0.092107957
1137.9	123.4274979	2.2600772	54.3445511	5581203.812	2469.474854	0.089924254
1138.050049	123.0811539	2.2620628	53.87587	5601800.815	2476.412598	0.088200775
1138.2	123.2068024	2.2613249	53.9485054	5594267.71	2473.889404	0.088466748
1138.350098	123.6775818	2.2586348	55.109871	5566359.696	2464.479736	0.092775939
1138.5	124.1444778	2.2559552	56.8190041	5538847.534	2455.21167	0.099315329
1138.650024	124.3355789	2.2548544	58.122749	5527617.017	2451.429688	0.104466741
1138.8	124.5715256	2.253489	59.7961769	5513814.438	2446.790039	0.111292745
1138.950073	124.526329	2.2537544	64.96846	5516464.464	2447.677734	0.134002364
1139.1	124.2947617	2.2550669	68.92952	5529963.031	2452.239014	0.153172902
1139.25	124.1802368	2.2557065	67.9602661	5536623.894	2454.496582	0.14833092
1139.4	124.353653	2.254699	62.1806679	5526432.938	2451.073486	0.121450818
1139.550049	124.617775	2.253199	57.25679	5511051.906	2445.878906	0.101029145
1139.7	124.8321152	2.2519631	55.4529839	5498570.909	2441.678955	0.094069645
1139.850098	125.0280228	2.2508378	55.2756577	5487219.438	2437.856445	0.093399852
1140	125.395241	2.2487144	55.2392311	5465991.707	2430.718506	0.093262577
1140.150024	125.774719	2.2465241	55.4773331	5444188.989	2423.383301	0.094161815
1140.3	125.771271	2.2465644	56.7808113	5444442.968	2423.452881	0.099166573
1140.450073	125.2108154	2.2497818	58.8481026	5476677.451	2434.314941	0.107395547
1140.6	124.2256927	2.2554426	60.9056778	5534027.97	2453.632813	0.115954929
1140.75	123.0747147	2.2620852	61.567482	5602250.605	2476.586914	0.118788963
1140.9	121.8262939	2.2693074	60.1384926	5677758.36	2501.978516	0.1127194
1141.050049	121.2437973	2.2726939	56.67865	5713393.221	2513.929932	0.098769266
1141.2	122.038971	2.2681017	53.515961	5664827.086	2497.607178	0.086888952
1141.350098	123.9707565	2.256929	53.0492516	5549327.217	2458.795654	0.085202813
1141.5	126.4769211	2.2424433	53.6706085	5404582.893	2410.131348	0.087451387
1141.650024	128.78183	2.2291331	54.0490074	5276190.971	2366.925049	0.088835443
1141.8	130.3990479	2.2198176	54.2504311	5188797.627	2337.488281	0.08957676
1141.950073	130.928711	2.2167866	54.7529678	5160646.191	2327.985107	0.091440264
1142.1	130.4845581	2.2193544	55.2115173	5184238.491	2335.921875	0.093158207
1142.25	129.7955475	2.2233179	55.336769	5221070.184	2348.32373	0.093630394
1142.4	128.6414948	2.2299562	55.7797165	5283710.267	2369.42334	0.095310439
1142.550049	125.6321335	2.2473338	56.1482658	5453230.084	2426.533203	0.096720474
1142.7	123.6398849	2.2588668	57.0810738	5568757.961	2465.28833	0.100339336
1142.850098	123.4933014	2.2597234	58.492424	5577339.951	2468.151611	0.105953728
1143	123.5974884	2.2590888	59.9548874	5571071.272	2466.070068	0.111952898
1143.150024	123.2591324	2.2610624	62.7046318	5591254.024	2472.84375	0.123753161
1143.3	123.1513062	2.2617044	64.997589	5597702.929	2474.993164	0.1341375
1143.450073	123.5852814	2.259189	64.64286	5571876.55	2466.317139	0.132497544
1143.6	124.3451462	2.254789	65.7939758	5527083.464	2451.26416	0.1378649
1143.75	125.2012939	2.2498178	70.2366028	5477189.673	2434.503662	0.159863412
1143.9	125.7705841	2.2465184	72.2624054	5444358.363	2423.464844	0.170609257
1144.050049	126.4462738	2.2426245	71.0756	5405883.588	2410.516602	0.164257493
1144.2	127.0779114	2.2390113	68.4643478	5370343.492	2398.533447	0.15083658
1144.350098	127.5941162	2.2360137	67.2917633	5341451.869	2388.827881	0.145049332
1144.5	127.5498657	2.2362835	66.3009186	5343950.48	2389.656982	0.140270849
1144.650024	127.087959	2.2389269	66.4750519	5369727.27	2398.348633	0.141103318
1144.8	126.8297653	2.24044	68.6450577	5384287.655	2403.227783	0.151741435
1144.950073	126.1948624	2.2441249	71.50174	5420312.232	2415.334473	0.166519671
1145.1	126.2762527	2.2436528	71.885231	5415637.213	2413.759033	0.168573134
1145.25	126.8803177	2.240171	73.4315338	5381516.962	2402.279541	0.177025937
1145.4	127.8630142	2.2344561	75.1385422	5326581.662	2383.838135	0.186687432
1145.550049	128.5878448	2.230294	77.8455124	5286634.229	2370.375488	0.202749942
1145.7	128.8905029	2.2285266	77.0219269	5270016.548	2364.798584	0.197764264
1145.850098	128.800705	2.2290616	71.182671	5274963.259	2366.450195	0.164823946
1146	128.3242645	2.231789	66.2820663	5301044.835	2375.244629	0.140180908
1146.150024	127.738	2.2351942	70.4332657	5333489.868	2386.141602	0.160886336
1146.3	127.3343964	2.2375486	76.6930389	5356033.086	2393.705811	0.19579769
1146.450073	127.04689	2.239171	76.7403259	5372036.365	2399.118408	0.196079591
1146.6	126.8270187	2.2404583	69.417259	5384434.467	2403.273682	0.155647639
1146.75	126.3183746	2.24339	66.8063965	5413216.82	2412.962891	0.14269594
1146.9	126.2733	2.2436576	69.4303818	5415776.977	2413.816162	0.155714579
1147.050049	126.468941	2.2425072	70.2360916	5404624.118	2410.081055	0.159860759
1147.2	126.5459366	2.2420478	68.9045258	5400222.277	2408.611572	0.153046777
1147.350098	126.6735535	2.24134	66.627991	5393078.272	2406.184815	0.141837025
1147.5	126.743309	2.2409534	66.1544418	5389182.17	2404.861328	0.13957299
1147.650024	126.5230026	2.242228	75.28196	5401645.495	2409.052734	0.187515328
1147.8	126.1516724	2.2443688	80.2175064	5422719.402	2416.144531	0.21760931
1147.950073	125.9804077	2.245359	77.0572662	5432476.164	2419.424316	0.197976398
1148.1	125.9561615	2.2455	73.5628128	5433862.754	2419.889893	0.177756516
1148.25	126.1096649	2.2445984	73.887131	5425066.649	2416.943115	0.179570186
1148.4	126.5909119	2.2417974	74.370239	5397716.15	2407.762695	0.182295268
1148.550049	127.7052	2.2353516	72.5905838	5335308.93	2386.787354	0.172394285
1148.7	128.5133514	2.2307124	69.8594284	5290677.975	2371.743652	0.157913563
1148.850098	128.6313782	2.2300241	70.873764	5284182.026	2369.562744	0.163193209
1149	128	2.2336538	76.84095	5318894.656	2381.25293	0.196680409
1149.150024	127.2809448	2.2378016	79.99836	5358898.348	2394.715576	0.216204666
1149.3	126.9917526	2.2394712	76.683876	5375078.063	2400.155029	0.195743098
1149.450073	127.126297	2.2386947	70.2194977	5367537.264	2397.619141	0.159774645
1149.6	127.4768372	2.2366714	66.4501114	5347944.66	2391.02832	0.140983896
1149.75	127.70417	2.235359	68.1480484	5335282.932	2386.767822	0.149261184
1149.9	127.18969	2.23835	70.4045334	5364064.239	2396.436768	0.16073662
1150.050049	126.3596573	2.2431629	70.4896011	5410937.175	2412.190918	0.161180153
1150.2	125.6198349	2.2474158	70.0044785	5453093.813	2426.384033	0.158661558
1150.350098	124.9403229	2.25132	69.497963	5492263.329	2439.574707	0.156059615
1150.5	124.82637	2.251991	69.6737289	5498893.59	2441.791992	0.156959326
1150.650024	125.7595673	2.2466285	70.930336	5445201.105	2423.721191	0.163491051
1150.8	127.3303223	2.2375522	71.153511	5356351.988	2393.844482	0.164669549
1150.950073	128.5328522	2.230598	68.6773453	5289640.424	2371.400147	0.151903475
1151.1	129.0536041	2.227611	64.4277649	5261203.312	2361.814209	0.131509171
1151.25	128.61409	2.2301426	60.475502	5285211.463	2369.898438	0.114134173
