Depth(m)	Sonic	Density	Gamma_Ray	P_Impedance	Vp	Vc
1149.705566	134.6251799	2.27062661	54.92124571	4881166.945	2326.210802	0.08733232
1149.858032	131.3345597	2.2345025	54.1760923	4934017.854	2271.421843	0.09331233
1150.010376	133.5455721	2.28622516	53.15750884	5442507.903	2389.576265	0.08860545
1150.162842	136.9792225	2.01287893	56.60572587	5016986.846	2229.497184	0.10330012
1150.315186	130.2000899	2.36147023	61.03347212	4959758.286	2256.295289	0.10384944
1150.467651	130.9958113	2.19996654	57.88452095	5302128.091	2239.308074	0.09982121
1150.62	138.5205815	2.28720941	59.6362636	5161246.707	2389.241604	0.10440775
1150.772461	134.9478338	2.13741372	55.39845804	4961129.732	2382.934303	0.10097412
1150.924805	129.5784324	2.25558129	55.95939418	5171319.147	2354.822003	0.09434067
1151.077271	133.2882371	2.14076728	58.60411337	4981249.538	2403.15256	0.10921854
1151.229614	129.5987538	2.16853799	60.02676355	5316571.628	2251.759936	0.10343913
1151.381958	130.3671424	2.34272671	55.83487954	5268853.905	2330.244818	0.09506864
1151.534424	133.6248543	2.19243773	51.29583214	5164020.187	2289.790027	0.08180698
1151.686768	124.7053919	2.22176533	49.09050812	5147872.343	2367.254702	0.06595253
1151.839233	124.345017	2.27426615	43.46901893	5457640.049	2322.209678	0.05940051
1151.991577	125.7188899	2.26794437	46.84429773	5324777.819	2350.096271	0.06407817
1152.144043	120.7365741	2.2628813	47.40038755	5307394.342	2475.61505	0.05644548
1152.296387	124.376517	2.28925047	45.08459746	5702362.872	2541.099729	0.0512878
1152.448853	118.1053714	2.44092176	46.27631446	6053544.411	2450.044782	0.06448151
1152.601196	116.4496165	2.26501293	47.75595161	5508489.597	2486.221198	0.06498684
1152.753662	129.5354936	2.27486643	47.32625132	5543380.779	2389.585693	0.06911136
1152.906006	123.6660685	2.3280823	48.10027897	5609753.834	2262.289281	0.07169348
1153.058472	125.4628088	2.32822482	53.61140234	5493591.51	2451.754964	0.07561225
1153.210815	119.5558126	2.33273673	49.10292436	5322279.403	2476.410202	0.0742421
1153.363159	123.3012756	2.2932366	49.53155842	5665533.987	2448.344715	0.08021169
1153.515625	125.6659402	2.16973894	48.99412413	5882843.988	2288.541265	0.06927681
1153.667969	119.769373	2.36981717	51.77454038	5570043.813	2420.519135	0.07775043
1153.820435	126.1017785	2.17353933	50.70771744	5381229.96	2279.234594	0.08074373
1153.972778	122.6895113	2.27193877	52.13422418	5239911.809	2536.774627	0.08142172
1154.125244	124.7927581	2.19232286	56.18949036	5494439.049	2339.039005	0.08117762
1154.277588	124.2117619	2.23669908	56.19745705	5592634.725	2500.124343	0.08358515
1154.430054	134.6062464	2.26219353	50.9556218	5467372.402	2470.511907	0.07921721
1154.582398	126.1152486	2.26692662	46.12472058	5438790.509	2348.835523	0.07681079
1154.734863	120.8571543	2.28010526	50.30922495	5398684.216	2349.600987	0.06664293
1154.887207	127.9916937	2.36749701	46.39042852	5348675.9	2471.083979	0.06362124
1155.039673	119.2928622	2.28793238	48.64670316	5691189.831	2388.690319	0.06267202
1155.192017	125.0417753	2.23943212	43.3832219	5709453.088	2460.904705	0.07000957
1155.34436	116.2677088	2.3238993	48.73923876	5297110.2	2416.7989	0.06487356
1155.496826	118.7206999	2.3405876	44.68056262	5825878.328	2321.589278	0.06418155
1155.64917	124.7678601	2.17159791	49.06253929	5669360.545	2292.147445	0.06640247
1155.801636	126.9813455	2.30011641	49.04556356	5807058.188	2475.77305	0.07656138
1155.953979	124.5957854	2.30783697	48.56648953	5355562.667	2418.715287	0.07296958
1156.106445	123.1782684	2.23904826	50.02551808	5366344.16	2423.941922	0.08270315
1156.258789	122.112158	2.35881475	51.63458022	5587945.087	2523.147375	0.07646345
1156.411255	116.7972582	2.25454805	49.34502125	5728828.676	2569.101573	0.07106739
1156.563599	119.2227196	2.2782952	49.66011983	5986833.709	2474.320231	0.07985039
1156.716065	119.8174888	2.26026409	52.13772415	5836987.623	2479.433164	0.06467819
1156.868408	125.555652	2.27659431	44.52639016	5708141.895	2551.222281	0.06516386
1157.020874	122.6555736	2.19818318	49.60059428	5572524.142	2410.425672	0.0581029
1157.173218	115.9784094	2.16151966	46.22101502	5818054.197	2486.782427	0.06560078
1157.325562	128.0031061	2.35346486	44.59381328	5244565.762	2446.075072	0.06958866
1157.478027	128.6624824	2.16017947	44.78113291	5475432.668	2391.467663	0.07274002
1157.630371	130.4909665	2.13247431	48.21579709	5006907.85	2149.119813	0.07485802
1157.782837	136.6089597	2.04583826	51.09601776	5271150.519	2220.732445	0.07146745
1157.935181	135.8564646	2.16662958	49.4860254	5243571.164	2251.609788	0.07221435
1158.087647	131.4758193	2.14201112	53.54681331	5327784.567	2395.246764	0.06988052
1158.24	119.9327694	2.3774273	49.02786711	5523202.192	2505.916571	0.08919839
1158.392456	119.0000377	2.35290498	53.38858028	5750562.463	2643.424174	0.08841557
1158.5448	121.3087519	2.23539114	53.1243451	5903788.553	2502.96727	0.09246768
1158.697266	125.1169068	2.43478092	57.7352673	5775081.811	2481.795448	0.10552517
1158.849609	119.9289115	2.34037269	59.62812574	5609605.567	2587.54859	0.09964942
1159.002075	121.3022128	2.24726011	57.60931403	5668756.955	2519.858036	0.1073387
1159.154419	117.3372877	2.09541909	54.09537433	5720963.096	2595.859455	0.10794443
1159.306763	116.1100941	2.43828879	60.11751036	5412160.329	2541.554353	0.11361467
1159.459229	123.5646443	2.18411482	60.04959013	5889316.754	2447.404499	0.10857979
1159.611572	125.8006044	2.16602438	59.50140202	5654553.678	2436.44748	0.10097006
1159.764038	119.859509	2.35453074	60.4424087	5625876.999	2419.426632	0.10444963
1159.916382	124.3231666	2.45390065	55.66068381	5527446.411	2581.208428	0.10720149
1160.068848	122.5892819	2.37375598	58.71036504	5460788.531	2606.52186	0.10143135
1160.221191	119.29857	2.31063756	59.62189953	5475690.291	2637.137834	0.10436639
1160.373657	124.3168063	2.30703897	53.85041604	5526231.292	2544.059208	0.09697695
1160.526001	130.4954695	2.3166138	57.81860779	5892070.756	2544.411174	0.10069018
1160.678467	123.8943731	2.31098325	55.7504363	5474636.908	2411.007626	0.09643349
1160.830811	130.6880856	2.27579565	56.42842681	5594578.33	2371.052071	0.10144452
1160.983154	112.9505262	2.26723603	57.12044143	5661727.15	2529.381019	0.09799191
1161.13562	126.0073764	2.26198637	55.62277379	5664663.442	2510.067847	0.10114551
1161.287964	123.5486312	2.20981786	55.0975596	5618282.899	2486.102396	0.10214388
1161.44043	120.7649599	2.25084247	56.52997708	5501176.18	2527.793178	0.10074296
1161.592773	121.3187	2.15816098	54.95089673	6009027.613	2543.832296	0.10137672
1161.745239	111.7742763	2.27724104	55.38943972	6129100.914	2633.529575	0.09793164
1161.897583	118.8360907	2.21567845	62.17677972	5556367.829	2636.744854	0.11573703
1162.050049	121.9983131	2.20230856	58.68251783	5632159.761	2572.510672	0.1138271
1162.202393	126.8605657	2.29087246	62.25219667	5729630.605	2585.741699	0.11478047
1162.354858	118.9999177	2.37423401	61.94430402	5598645.621	2556.068609	0.11503109
1162.507202	117.6367184	2.34202436	57.73898628	5852437.099	2485.611789	0.11276917
1162.659668	118.3608894	2.17024265	60.68269443	5678266.61	2585.971171	0.11271386
1162.812012	124.3707721	2.20975398	64.32431027	6145675.931	2420.618371	0.11797158
1162.964356	122.6061677	2.34154454	60.09873851	5947754.146	2593.195782	0.12146821
1163.116821	119.860064	2.20117407	61.1025701	5711122.62	2399.127928	0.11521151
1163.269165	126.6814599	2.23833448	63.1636827	5715119.286	2471.820955	0.12188815
1163.421631	126.4165457	2.28395938	66.06145877	5634981.064	2356.962787	0.1397355
1163.573975	130.5633498	2.17347427	67.0165168	5319591.758	2449.28868	0.15024396
1163.72644	123.4994797	2.25048391	66.66530645	5293117.49	2410.613141	0.15433867
1163.878784	123.9574377	2.15575648	70.5890127	5507643.344	2314.961995	0.14925551
1164.03125	122.2450535	2.21640832	70.88043762	5719750.544	2490.426201	0.15081755
1164.183594	116.8298183	2.28781473	68.10511121	5672148.941	2439.752077	0.13686877
1164.33606	122.7849895	2.16111117	66.17536256	5463597.057	2572.73845	0.13627002
1164.488403	121.6618535	2.31066208	65.06081333	5655546.03	2526.538496	0.13073371
1164.640869	120.6542801	2.27800627	66.47779035	5776381.349	2556.043241	0.1537922
1164.793213	120.239003	2.31461077	69.53812383	5739135.816	2443.436788	0.15738217
1164.945557	116.0448045	2.28735951	69.86848973	6037569.911	2457.354846	0.15156564
1165.098023	120.6631867	2.36411809	71.85484619	5445417.631	2457.236923	0.15316733
1165.250366	121.0806292	2.27625017	70.05269704	5755980.787	2554.274762	0.14940585
1165.402832	119.0154809	2.23838289	65.46083011	5925958.711	2616.791465	0.15197164
1165.555176	121.9589725	2.27517342	70.26047282	6038448.014	2426.040691	0.15416955
1165.707642	124.842369	2.30118208	66.22906984	5555481.822	2554.83861	0.14228611
1165.859985	131.1091539	2.26507548	67.42545214	5691656.562	2308.132732	0.15103858
1166.012451	124.2753202	2.26342924	69.03750045	5693653.821	2377.461196	0.15014949
1166.164795	124.7425626	2.21033358	73.19078967	5624424.838	2393.021719	0.15558239
1166.317261	123.3678474	2.21319077	75.92598089	5575966.312	2363.732481	0.15990728
1166.469605	115.7266533	2.16171463	71.47569025	5672077.359	2348.800234	0.15941379
1166.62207	122.995494	2.38666351	70.10331517	5205723.754	2506.666551	0.16060104
1166.774414	122.531785	2.18111159	71.51757944	5790686.283	2475.029643	0.16025824
1166.926758	131.9749645	2.22239482	72.23529618	5725531.502	2528.307405	0.16522999
1167.079224	121.3381962	2.21913961	69.90326547	5653138.321	2547.098849	0.16307072
1167.231567	124.3561639	2.32636615	74.01598637	5965334.583	2494.337489	0.16227961
1167.384033	124.3153972	2.23416169	70.97672261	5431519.962	2498.633872	0.15623163
1167.536377	120.135139	2.33992247	71.40531894	5449971.672	2435.957322	0.15937672
1167.688843	129.2509584	2.20676588	71.55763298	5870012.066	2359.171908	0.16365332
1167.841187	126.8777737	2.27869635	70.98080822	5446198.79	2541.466382	0.15962876
1167.993652	126.0959182	2.20620336	71.73498749	5549997.019	2436.037061	0.16185972
1168.145996	118.5459763	2.41986705	69.03655411	5656621.976	2422.757815	0.16702791
1168.298462	127.8570479	2.18614515	69.53328728	5830606.934	2482.309753	0.16606554
1168.450806	116.4440444	2.29119586	68.7163488	5721746.377	2426.39542	0.16346443
1168.603272	125.0223593	2.3111702	71.84742576	5444351.913	2454.911307	0.161751
1168.755615	132.1194447	2.29225938	73.19712427	5536863.035	2501.022975	0.15712948
1168.907959	119.5255172	2.24741999	73.77180502	5497985.431	2493.033748	0.17330954
1169.060425	121.5138712	2.24972884	76.73431243	5571747.16	2395.488033	0.17598078
1169.212769	124.0999869	2.26282689	73.74073169	5662168.569	2427.961091	0.18039512
1169.365234	121.3411788	2.25123505	75.58143171	5678975.87	2550.343086	0.18117288
1169.517578	116.6458307	2.3320688	72.30352482	5340083.595	2515.670185	0.18130107
1169.670044	122.4779061	2.42491119	72.23808533	5865678.84	2650.334881	0.16736196
1169.822388	116.7590279	2.23706311	69.37513782	5783479.529	2597.858159	0.14483132
1169.974854	123.3524154	2.17785281	68.63502166	5966371.782	2595.203856	0.14549659
1170.127197	118.4477045	2.26297066	66.58090322	5754144.398	2388.079016	0.15133324
1170.279663	130.0581034	2.44122875	67.74851909	5776302.786	2522.364378	0.14757613
1170.432007	121.2393699	2.19842747	65.12470539	5622207.558	2445.639553	0.15022063
1170.584473	122.9762062	2.37137208	67.7880682	5778796.076	2411.711473	0.15478869
1170.736816	127.0793433	2.37750184	70.25710493	5676251.154	2476.53856	0.14786121
1170.88916	117.8927459	2.2256092	69.62770666	5605792.848	2542.611665	0.15255535
1171.041626	124.4166475	2.30110965	69.51337528	5969500.834	2500.055462	0.1482136
1171.19397	130.5388726	2.36501088	70.31792479	5664456.186	2377.278384	0.16329372
1171.346436	118.5337745	2.22416292	70.4742231	5601562.673	2493.16464	0.16164284
1171.498779	125.2029245	2.24065658	69.18189701	5330244.236	2401.305585	0.16226104
1171.651245	125.820845	2.21209406	71.82229508	5312239.356	2460.442123	0.15787438
1171.803589	127.7747218	2.18273268	71.34548374	5581617.121	2422.82979	0.16424881
1171.956055	119.5585975	2.20820241	73.12186835	5572055.259	2436.082275	0.17854901
1172.108398	117.9951634	2.17542871	71.34589088	5506305.257	2526.999416	0.16709001
1172.260864	124.4327647	2.271018	71.57816754	5689514.294	2408.571484	0.1889209
1172.413208	123.7806444	2.21268462	77.93636661	5923287.138	2630.487482	0.19149683
1172.565674	124.5881265	2.27701847	74.80819459	5713121.719	2329.997385	0.19335866
1172.718018	126.4543893	2.14175444	73.26978256	5316889.097	2392.942796	0.18330756
1172.870361	123.5508293	2.26660038	74.67214092	5419218.738	2444.376903	0.16493633
1173.022827	127.3592775	2.30152442	72.43079703	5301707.186	2460.069569	0.18121636
1173.175171	126.337211	2.11029523	75.41796675	5451442.831	2434.865744	0.17970978
1173.327637	120.1028557	2.29030955	75.41327542	5546119.591	2465.361737	0.17434084
1173.47998	130.7205778	2.35001571	75.66664691	5546675.951	2505.754595	0.17965104
1173.632446	125.9965801	2.17226087	71.68475888	5358210.52	2439.452306	0.18847837
1173.78479	119.7331031	2.37176827	76.36586664	5512591.816	2550.258328	0.18614582
1173.937256	128.013585	2.27900893	73.3756471	5394659.766	2494.136246	0.17772351
1174.0896	121.9857318	2.195872	71.90166614	4966599.46	2486.722152	0.17183467
1174.242065	129.4040348	2.24028743	72.89754173	5778524.69	2342.833035	0.17288627
1174.394409	131.1418144	2.28218932	69.16858029	5608120.255	2406.382588	0.17201803
1174.546875	122.6703297	2.25052967	73.04539014	5386458.882	2397.022558	0.17512968
1174.699219	128.893419	2.28977362	68.94543817	5513048.867	2363.10877	0.16001374
951.9	139.3439253	2.11311223	55.36437921	4627246.926	2241.137954	0.10067313
952.0500488	140.7992429	2.19105747	55.08356002	5115315.202	2177.589161	0.10823913
952.2	144.171192	2.08552553	60.24174533	5198455.468	2283.375328	0.10411669
952.3500366	138.6425031	2.15857129	56.89766516	4754645.902	2102.713637	0.11005065
952.5	135.3064774	2.11005097	61.17830844	4958049.903	2330.905136	0.10204693
952.6500244	135.5489732	2.11723882	57.09108299	4779055.654	2122.884817	0.10428108
952.8	137.2019105	2.24826505	54.65978024	4464533.584	2185.17467	0.10013751
952.9500122	137.0475804	2.25645288	55.80110195	4767808.464	2278.099987	0.10388563
953.1	139.3152459	2.219243	60.37061867	4831682.161	2167.350926	0.09785478
953.250061	138.5169082	2.10254322	57.6308157	4759563.423	2282.267289	0.1017315
953.4	137.9171091	2.1737006	56.7398288	4938803.955	2173.777433	0.09736828
953.5500488	135.9768187	2.27337836	57.14166827	4891122.891	2350.920032	0.10217782
953.7	141.590724	2.19950877	57.88123693	4906508.065	2248.107145	0.10256499
953.8500366	134.039508	2.35584442	59.82191417	4954444.161	2211.160919	0.09556481
954	149.3944588	2.20208325	60.75094185	4616589.305	2182.084075	0.10913851
954.1500244	141.4608273	2.18426283	57.40943251	4643920.882	2254.794707	0.11454509
954.3	133.2492874	2.16135785	55.43571379	4651697.442	2185.125942	0.10420875
954.4500122	130.7878955	2.20169307	56.27172726	5106443.182	2198.975224	0.09771307
954.6	136.4463282	2.18556558	57.80106998	4627384.158	2250.083457	0.1126444
954.750061	132.8964571	2.25000175	55.33645861	5203782.826	2189.913047	0.09548643
954.9	136.1492564	2.27083468	55.84309206	5272082.819	2423.81338	0.10287174
955.0500488	134.5018276	2.1519784	58.50542005	5024813.337	2256.922772	0.10405677
955.2	131.1162836	2.12022334	56.74888966	4701297.202	2381.510222	0.10486994
955.3500366	126.1366091	2.0951099	54.79782521	5171264.777	2367.499915	0.09283006
955.5	122.0447911	2.26800131	54.0398493	5294778.497	2303.202003	0.0922741
955.6500244	125.5063249	2.15980819	54.23443643	5187569.4	2393.275093	0.08731532
955.8	130.7746777	2.08626661	51.73957888	5273574.956	2453.459068	0.08557054
955.9500122	128.6629177	2.26223115	54.13784974	5585607.324	2371.15491	0.07882866
956.1	123.0781201	2.40819062	52.04565117	5420047.531	2467.146858	0.07490159
956.250061	128.980291	2.23166823	44.56623301	5149876.337	2452.524507	0.0661998
956.4	131.6429685	2.280761	47.65228509	4940219.509	2412.062315	0.06671168
956.5500488	127.3196736	2.22244978	50.58200431	5105663.662	2293.523407	0.09188562
956.7	132.3551986	2.20519684	55.35890089	5083129.941	2233.214541	0.09652788
956.8500366	132.610315	2.27316682	55.51425626	5167866.391	2256.7644	0.08976994
957	126.9055428	2.19254888	50.98614322	5037051.291	2331.095789	0.08724832
957.1500244	133.8087289	2.22741801	52.87034509	5171760.119	2343.845957	0.0913756
957.3	135.6800517	2.22525544	54.63666725	5355593.583	2122.862081	0.09132481
957.4500122	136.3065828	2.16427747	57.96852484	5246808.746	2310.65387	0.10359497
957.6	134.0878841	2.29328749	55.95178204	5214089.375	2360.475444	0.09120279
957.750061	122.1967002	2.22231699	51.40540412	5297691.203	2363.637389	0.09128021
957.9	121.0434197	2.1984854	51.71068126	5436387.794	2537.211455	0.0813901
958.0500488	124.0828645	2.30624019	48.73707978	5865256.976	2530.36068	0.0722923
958.2	122.9702556	2.2115958	48.60529795	5632109.484	2619.634829	0.06867319
958.3500366	124.5415563	2.26777023	53.06455922	5648155.043	2473.341843	0.07353889
958.5	139.8770938	2.2554479	52.42450721	5548964.025	2525.80729	0.07647486
958.6500244	126.693821	2.33116162	49.51370603	5442620.675	2573.136279	0.08150376
958.8	130.205264	2.28118213	54.36251288	5227826.147	2525.526795	0.08325168
958.9500122	130.7677442	2.23848777	50.69617365	5436124.573	2320.955824	0.07189152
959.1	132.1093643	2.28289272	47.16060303	5229647.418	2335.690118	0.07010259
959.250061	131.972811	2.30116087	50.13564345	5122703.265	2261.427974	0.06837317
959.4	135.6333873	2.24677733	50.8689018	4988079.97	2336.432236	0.05914882
959.5500488	127.4513333	2.21930106	44.09914612	5380701.882	2384.894378	0.06649805
959.7	128.7266626	2.13150913	46.56070873	5080303.013	2287.446195	0.07032034
959.8500366	126.0893447	2.15820941	49.21138756	5599954.669	2384.921263	0.0624073
960	129.3395423	2.20637399	46.13799874	4972614.516	2211.797412	0.06818578
960.1500244	140.2768694	2.17453216	45.71906703	5239384.954	2437.858025	0.05791034
960.3	124.4349831	2.19694061	44.4951858	5179692.309	2269.518951	0.05092702
960.4500122	132.3104945	2.22898891	44.03714229	5104232.155	2357.783719	0.05697976
960.6	120.7578901	2.27469208	41.98503689	5425448.771	2370.158213	0.05891452
960.750061	127.8100632	2.21863844	48.48002092	5437108.318	2434.92646	0.0646642
960.9	137.4944429	2.23884624	46.65628023	4681474.676	2079.059095	0.05503983
961.0500488	136.3136949	2.19173156	44.69220045	4983810.775	2239.096194	0.06086529
961.2	135.189826	2.02761065	47.5152451	4315382.705	2175.494249	0.06564796
961.3500366	135.9668269	2.10457378	42.48575603	4602756.099	2160.614794	0.06227471
961.5	139.2278653	2.1747906	47.45792788	5152194.161	2362.786481	0.05537299
961.6500244	135.0631197	2.09047126	47.24004585	4706641.282	2141.587234	0.06031628
961.8	137.0921168	2.22854303	50.3306072	4696873.476	2295.440664	0.08310823
961.9500122	136.4707442	2.2935854	54.39410608	4855562.655	2263.115752	0.07909945
962.1	136.8553414	2.25299919	47.92390852	5079021.593	2278.873968	0.06740593
962.250061	147.4307069	2.15708946	46.88710476	4469516.221	2148.329885	0.05921344
962.4	141.8871622	2.27338712	38.97435797	4569730.985	2133.419606	0.04196024
962.5500488	130.4880304	2.18193718	43.61407331	5018899.87	2278.284683	0.04565769
962.7	139.968886	2.14520462	45.10490915	5058542.184	2221.335941	0.05903232
962.8500366	136.4323849	2.12614022	45.81144229	4734917.532	2075.182738	0.0603064
963	141.7977928	2.15280208	46.55731652	4584708.559	2163.448361	0.06546237
963.1500244	135.0661051	2.14675714	48.33960987	5140389.622	2232.636784	0.06934103
963.3	138.193168	2.18411849	52.19949703	5040291.784	2260.736588	0.07678179
963.4500122	141.1917842	2.18075656	49.17066617	4865996.149	2140.074543	0.07880653
963.6	146.0066484	2.15035448	44.6052005	4464805.082	1921.746011	0.0663422
963.750061	137.3952892	2.18184531	51.97367153	4599157.116	2180.957593	0.06753375
963.9	141.3804185	2.23235747	51.32953558	4560844.701	2044.049447	0.06895482
964.0500488	142.253363	2.20701475	47.50843372	4578957.576	1963.073322	0.07700521
964.2	139.9871547	2.04446326	51.87098788	4833244.825	1924.946133	0.08212107
964.3500366	147.9785258	1.98013808	48.28683829	4823794.341	2226.248056	0.0695815
964.5	143.1618124	2.22147966	47.29312756	4463814.358	2163.590982	0.06451607
964.6500244	136.0441788	2.0611634	46.59154337	4886349.554	2141.751251	0.06311358
964.8	141.060034	2.1641199	43.65692669	4891365.571	2323.642589	0.05192906
964.9500122	143.2868734	2.11316834	42.03309957	5086100.317	2312.014718	0.05439707
965.1	137.8446692	2.0743564	42.6648835	5265548.211	2401.833605	0.04969451
965.250061	127.5356732	2.23858354	40.72761533	4829338.44	2174.812087	0.04409213
965.4	137.1816118	2.22266471	40.54194741	4745121.495	2187.658713	0.05176128
965.5500488	146.2271205	2.11776763	43.6062166	4575724.968	2040.239274	0.05328872
965.7	137.4258064	1.98005586	45.5729034	4436091.33	2155.032699	0.06550889
965.8500366	143.3846714	2.11681816	49.78187887	4698114.04	2134.43853	0.06940591
966	144.308874	2.18533246	52.23676246	5078239.378	2206.375771	0.06844623
966.1500244	135.5842798	2.06379478	50.47752245	4434442.905	2190.293984	0.07990417
966.3	138.9510412	2.1818854	52.70128662	4744123.784	2236.32054	0.07730061
966.4500122	128.2505904	2.15454198	53.2948604	4749734.213	2206.464135	0.08826199
966.6	136.8117116	2.19934679	53.44088736	4686634.034	2322.683843	0.07782172
966.750061	137.0366995	2.18392476	50.21627966	4783738.395	2184.017823	0.07402783
966.9	130.9161768	2.11882289	46.92319241	4685012.521	2170.536001	0.05585073
967.0500488	138.2441896	2.29730369	43.9029309	5165775.312	2335.09372	0.05491034
967.2	121.8140767	2.22445739	38.93778606	5211478.237	2327.571429	0.04662408
967.3500366	125.9768025	2.23307059	40.63941625	4966458.62	2496.106892	0.03933979
967.5	131.0975221	2.15314651	40.78142485	5378993.194	2313.352903	0.0451921
967.6500244	140.3938996	2.16492698	38.86398182	5136594.103	2223.955581	0.0453322
967.8	129.4430256	2.12913102	43.22265592	4944787.229	2217.277364	0.05522292
967.9500122	138.7069422	2.18711228	48.31299676	5042651.269	2329.17318	0.06077541
968.1	133.5787118	2.32221245	50.57961616	5204420.005	2270.750076	0.07224594
968.250061	127.3412647	2.11767085	53.12516626	5175377.805	2272.463224	0.07857085
968.4	132.8980062	2.10265363	54.30442826	5306950.916	2450.999018	0.07233136
968.5500488	132.9334928	2.31346333	44.93991941	5048635.122	2243.045305	0.06567133
968.7	132.5670379	2.1784108	45.08045874	5169410.661	2260.057152	0.06691008
968.8500366	137.5980803	2.1328095	50.17795724	4892333.617	2268.486918	0.07404084
969	135.2943642	2.25570044	50.43965804	4892537.839	2105.044341	0.06479499
969.1500244	138.5616415	2.13273654	48.81553187	4589758.998	2243.020299	0.07979589
969.3	140.4103626	2.30622459	54.91530434	4867991.513	2134.651838	0.08113099
969.4500122	144.3287653	2.22453508	46.99230089	4674834.303	2272.720348	0.07605591
969.6	131.6126846	2.14921229	46.28644324	4763192.165	2158.163551	0.05504551
969.750061	146.4109447	2.32963905	44.54355859	4685103.968	2265.504296	0.0620668
969.9	131.6669825	2.12368954	51.44356754	4550518.309	2265.177178	0.06304351
970.0500488	140.0923738	2.21246527	54.874833	5033261.624	2230.463649	0.07984462
970.2	142.2571763	2.18633421	47.50773731	4940937.853	2198.245913	0.06980382
970.3500366	139.707385	2.26438005	45.21793388	5099505.546	2182.518265	0.06268231
970.5	136.1714918	2.28172784	46.90896135	4568180.652	2154.183324	0.06217779
970.6500244	135.1628566	2.18961352	45.40618061	4913614.208	2350.841382	0.05716593
970.8	136.0429495	2.12254927	49.1398293	4587644.168	2155.480737	0.069234
970.9500122	135.595121	2.20822821	54.54891713	4689648.252	2131.120484	0.09235436
971.1	140.4624344	2.13407344	52.17728778	4701607.834	2274.750684	0.10430966
971.250061	136.8693838	2.33264238	55.24021327	5138099.879	2191.481074	0.09280714
971.4	135.4973717	2.18361392	54.89017333	4724174.493	2132.420472	0.09943393
971.5500488	141.0726071	2.15372076	54.15714983	5013021.37	2110.610296	0.09236128
971.7	132.4787017	2.22803397	58.81941755	5245704.154	2286.711701	0.10409268
971.8500366	131.651874	2.13688903	49.58487565	5684596.902	2368.993432	0.07447182
972	133.1735664	2.15025043	51.136396	4931615.319	2352.046954	0.07348886
972.1500244	129.2095128	2.29166525	49.52640048	5283202.88	2369.702257	0.06822341
972.3	134.2818135	2.13791843	51.59974581	5065577.812	2271.132279	0.07180361
972.4500122	138.5220713	2.11685342	56.11973233	4766670.487	2235.769908	0.09202026
972.6	133.8482006	2.25208465	55.26294736	5306060.321	2305.684685	0.09144594
972.750061	132.405126	2.29124338	52.71706446	5135035.676	2338.655521	0.07894684
972.9	135.6404749	2.24293396	50.10564048	4905977.726	2350.174097	0.06829316
973.0500488	142.3082218	2.25132732	47.70048163	4712599.108	2232.935507	0.08168611
973.2	137.9790841	2.10878147	45.33810409	4573932.611	2135.901045	0.06227057
973.3500366	142.7471372	2.06134225	41.57988286	5030270.203	2095.074637	0.05677326
973.5	140.9663494	2.25974503	43.39966258	4630422.17	2041.629846	0.05599286
973.6500244	140.6897162	2.13250901	53.83114791	4770178.75	2202.617294	0.06952573
973.8	143.1448242	2.15448479	49.87795508	4643340.964	2241.520059	0.06529747
973.9500122	139.142486	2.28231269	43.13067735	4783987.367	2288.175041	0.0592573
974.1	137.634	2.23638706	45.11014799	5166737.838	2259.829464	0.0743469
974.250061	139.4102243	2.23071692	48.57028151	4773583.109	2378.560757	0.07159872
974.4	135.8618324	2.34118522	49.76708465	4844278.287	2208.711246	0.07084072
974.5500488	140.4339265	2.13265868	51.5602954	4828574.036	2285.771038	0.06691155
974.7	135.9800613	2.24556239	51.14303891	4860367.392	2217.885536	0.07874117
974.8500366	139.1965813	2.18065449	50.86148606	4782212.207	2165.320441	0.08932816
975	137.2757872	2.1959485	51.46004816	4881045.392	2256.035206	0.07645146
975.1500244	135.6588038	2.29938469	53.02445216	5054350.921	2284.004037	0.08899289
975.3	137.691132	2.22752735	49.26056998	5061544.061	2280.166124	0.0929437
975.4500122	132.4314299	2.22662327	53.26970287	4749056.531	2250.902413	0.08850589
975.6	142.2321406	2.27643041	50.36126119	4971183.968	2277.373343	0.07810949
975.750061	128.9537105	2.17870773	50.27757742	5248334.369	2468.972607	0.06449532
975.9	130.056598	2.13402838	56.2760975	5099765.028	2345.856051	0.07898271
976.0500488	140.806679	2.11354561	52.40892537	4670491.1	2294.044605	0.0770977
976.2	137.5672714	2.05867211	50.28605473	5043981.129	2277.412608	0.07834948
976.3500366	134.7710252	2.35408697	51.76873614	4763501.035	2380.542623	0.0694444
976.5	133.7255219	2.13777343	52.14388035	5156452.008	2362.661947	0.07762975
976.6500244	129.4030254	2.20968078	51.37445111	5555612.316	2356.477785	0.07661962
976.8	124.7238075	2.21188643	49.76847949	5139209.616	2351.25348	0.07100168
976.9500122	129.6513672	2.24755556	53.18602783	5106481.341	2350.514701	0.06736509
977.1	128.5177874	2.27209565	45.91270775	5268845.995	2084.737132	0.07320835
977.250061	136.5912179	2.26765998	46.10732993	4816129.166	2314.337079	0.05676453
977.4	131.599614	2.16834352	43.32596373	4988523.265	2269.085884	0.05220338
977.5500488	128.1188867	2.20170429	48.18536626	5230082.881	2436.934653	0.06469733
977.7	129.3777053	2.23799742	47.19211086	5067350.094	2333.635142	0.07132121
977.8500366	131.68646	2.20461051	47.88132413	5170837.583	2255.847237	0.07089844
978	126.978667	2.339431	46.5919321	5372576.651	2353.86133	0.07085489
978.1500244	124.8846867	2.26683122	50.92416589	5375513.322	2298.483874	0.07039313
978.3	128.2752977	2.28959716	52.74283283	5403539.839	2430.113283	0.07736752
978.4500122	127.6343294	2.28822574	48.27553896	5338841.279	2428.706736	0.07247293
978.6	125.0160119	2.32159141	47.19436604	5431383.162	2469.869811	0.06841131
978.750061	123.9547327	2.25864535	42.15528978	5417416.594	2362.229391	0.05499795
978.9	127.3025968	2.15185563	40.80469971	5487430.665	2414.820784	0.05171378
979.0500488	122.3788355	2.26007679	44.28792269	5219451.686	2273.648453	0.05001212
979.2	125.3169653	2.17001573	43.83885745	5122366.548	2377.798778	0.06279106
979.3500366	128.8106996	2.17479009	49.84559579	4952518.45	2352.251105	0.05403525
979.5	130.0132198	2.25829789	45.22038469	5157003.867	2365.780266	0.05435322
979.6500244	132.3684923	2.30295174	47.20521904	5016518.525	2325.120958	0.07564593
979.8	136.3089622	2.2220405	52.45596015	5009762.204	2370.675795	0.08216724
979.9500122	132.6885881	2.24860599	53.72198218	5297372.54	2479.360654	0.07449247
980.1	131.0669082	2.33206017	52.88570785	5154445.276	2292.685142	0.06207471
980.250061	131.0066956	2.23280375	41.60795435	5282766.299	2335.572334	0.06060668
980.4	126.4272842	2.4022534	42.75776283	5109940.423	2253.975297	0.06073776
980.5500488	132.6794232	2.24599047	53.95837661	5133252.206	2231.085089	0.08756652
980.7	131.1373959	2.08472868	52.91614455	5179622.084	2310.847699	0.07799804
980.8500366	133.4540715	2.26286036	43.81373411	5171631.02	2389.241074	0.05640207
981	126.5738914	2.24923976	47.11922162	5074797.524	2326.227451	0.05963337
981.1500244	131.5243598	2.3164559	42.62674257	5267358.696	2337.864606	0.06816856
981.3	134.8479354	2.277741	51.13226277	5347803.188	2340.151531	0.07651978
981.4500122	128.132823	2.22056084	54.48130861	5288257.507	2330.598218	0.09057131
981.6	132.3389262	2.13186588	52.66970318	4825242.088	2354.186576	0.07359125
981.750061	132.2377442	2.21075986	52.51803402	5268237.839	2243.363067	0.08484618
981.9	128.6478707	2.16055195	54.8424498	5563156.292	2435.109291	0.08385515
982.0500488	129.0849397	2.19178966	51.42588978	5249563.517	2328.407195	0.07680582
982.2	125.5117645	2.28978382	54.61969423	5340922.225	2483.383576	0.08700692
982.3500366	123.6207917	2.37883368	51.74757421	5655631.926	2378.717634	0.08556161
982.5	120.1064773	2.28878487	50.53979229	5642676.451	2522.611092	0.07658057
982.6500244	125.6470812	2.16367379	46.5622846	5656083.632	2477.981212	0.07465469
982.8	130.6449897	2.26147819	48.60285452	5075921.381	2398.699702	0.07085953
982.9500122	137.8617525	2.29526891	47.02357922	5230175.131	2236.105948	0.05834192
983.1	137.1440125	2.1606065	43.43720638	5139925.567	2306.573996	0.04802688
983.250061	144.9155364	2.17742179	43.15169069	4873600.629	2151.028802	0.05061794
983.4	133.6734338	2.18382425	39.55564558	4919402.402	2208.986099	0.04844292
983.5500488	140.81172	2.12499423	41.54819777	5013610.251	2297.783004	0.04752745
983.7	137.2208788	2.23035764	45.05947681	5024757.859	2292.96178	0.05626334
983.8500366	142.7125617	2.19194743	55.57635027	4824000.123	2279.945845	0.07358175
984	128.8058219	2.23948451	49.67114313	5235258.782	2234.293735	0.07931172
984.1500244	127.0454372	2.15682864	55.13102897	5173509.111	2384.212031	0.07990467
984.3	126.7056335	2.19618587	56.74664221	5267626.577	2361.354228	0.09249928
984.4500122	120.9496171	2.27510534	56.08754861	5241739.51	2177.80844	0.09587097
984.6	128.7242959	2.19085194	58.83288499	5138433.173	2387.393604	0.09023631
984.750061	130.1557543	2.32488453	54.87454232	5237992.529	2285.430037	0.09437189
984.9	136.7398251	2.15859025	51.98625993	4882423.969	2328.965375	0.07481168
985.0500488	136.4993421	2.20844852	47.97772818	4760218.363	2174.254776	0.06169186
985.2	139.5032425	2.27721691	49.75763491	5047757.474	2074.767509	0.06755705
985.3500366	132.2552971	2.13170422	48.98631993	5328562.33	2395.310887	0.0610332
985.5	123.337557	2.12299423	45.09835313	5653426.965	2446.649264	0.06395588
985.6500244	122.5000439	2.13677332	44.63250594	5521774.92	2289.379358	0.05566595
985.8	130.6206245	2.31903396	47.15743984	5143682.853	2296.888194	0.07220852
985.9500122	127.0176685	2.16928178	48.80098844	5496740.18	2507.63318	0.07851996
986.1	142.4874775	2.37339536	52.32974071	4996222.54	2235.039078	0.07698351
986.250061	138.193677	2.1629016	53.48389455	5246386.473	2340.007381	0.07226908
986.4	130.4016768	2.22170489	51.22377003	5062463.766	2254.87901	0.08865462
986.5500488	125.3305528	2.31721813	51.78384479	5175743.139	2147.012534	0.07801337
986.7	136.5195717	2.35772586	50.58391073	5297703.182	2314.330004	0.07280013
986.8500366	130.7413047	2.36031621	53.46645857	5348773.447	2303.153186	0.07163839
987	136.7440692	2.2975083	47.8164248	5297266.651	2284.824684	0.08068705
987.1500244	123.7962053	2.29236774	49.54795937	5338241.01	2330.315032	0.07613253
987.3	128.8812732	2.25613595	52.07519611	5086742.845	2340.556306	0.0832027
987.4500122	133.80853	2.25507706	54.40820639	4917504.672	2267.034718	0.07606536
987.6	134.8953915	2.15615333	49.14871676	5022098.849	2168.327928	0.06877196
987.750061	131.1043796	2.14746782	47.08959966	5210992.075	2328.992933	0.07891577
987.9	135.4947271	2.20487239	53.62711856	5018437.01	2147.011755	0.08705362
988.0500488	128.1003228	2.19591572	52.90498259	5257708.271	2147.754193	0.08279018
988.2	132.3143071	2.17350666	53.79342096	5300178.016	2348.734406	0.1009416
988.3500366	131.6858204	2.26426402	54.1630015	4993919.617	2361.156736	0.09393024
988.5	133.705211	2.28016631	55.56219804	4985856.924	2311.812561	0.10027961
988.6500244	134.4295668	2.21955503	53.87595787	5106114.708	2213.295674	0.09226879
988.8	124.9821838	2.32855484	53.73306559	5283672.36	2299.271918	0.09380829
988.9500122	124.6623077	2.13630977	60.93018972	5072678.941	2308.19018	0.10816524
989.1	135.2839175	2.20817798	56.42942389	5432323.646	2224.363547	0.09278573
989.250061	129.6818011	2.18134429	55.76434375	5371812.388	2320.050864	0.08686757
989.4	126.056209	2.09575078	52.86249362	5264120.062	2409.365678	0.09106097
989.5500488	137.1493193	2.21164927	51.20930559	4927917.644	2436.838023	0.07936046
989.7	130.781602	2.21176734	56.28123206	4974298.511	2307.733972	0.0855125
989.8500366	137.3812488	2.31396037	55.75963156	5122500.646	2355.917862	0.09764119
990	131.3643274	2.26022551	54.53058833	4796775.529	2182.153809	0.08220375
990.1500244	140.3744531	2.1388035	49.85703396	5276098.907	2359.337867	0.08102508
990.3	141.4434401	2.3280575	45.78985329	4962366.68	2210.110602	0.06018875
990.4500122	135.5874081	2.26997716	42.52828739	5413370.36	2254.201883	0.05391033
990.6	142.1541081	2.21590539	45.24837918	5182017.556	2187.315294	0.05267084
990.750061	141.6113679	2.15437368	46.19261648	4729853.238	2291.911464	0.05713423
990.9	144.1216208	2.1053326	44.34807748	4763423.322	2135.030758	0.04853226
991.0500488	132.4574821	2.15891745	42.84675873	5048603.07	2281.417219	0.05501802
991.2	140.9906556	2.25153251	47.6913792	5080990.596	2184.867914	0.05086873
991.3500366	141.2949194	2.31458586	49.17420953	4582602.968	2213.55088	0.07184365
991.5	131.6133656	2.27992505	50.95036079	4470104.901	2182.103821	0.07921701
991.6500244	134.022392	2.13653844	55.25270817	4661552.779	2131.789481	0.08841705
991.8	128.4663571	2.10396391	51.62157324	4960218.313	2226.877082	0.07614345
991.9500122	135.6525228	2.19301028	50.31136842	4948478.666	2224.129592	0.08120228
992.1	142.0943787	2.04472054	52.06506183	4929544.643	2208.330016	0.08534605
992.250061	144.2147979	2.19827054	56.031029	4602771.463	2213.90862	0.08696461
992.4	136.0963839	2.1782468	59.34425693	4526699.436	2304.208499	0.10226686
992.5500488	142.340417	2.15648378	60.57682574	5061209.773	2315.492431	0.11567897
992.7	126.1622376	2.09941151	60.73903085	4976457.099	2233.957569	0.11337827
992.8500366	124.7318825	2.24850704	60.6383438	4783781.227	2379.234866	0.10613462
993	134.5549898	2.15698901	53.51562481	4986863.501	2172.793744	0.08113246
993.1500244	137.0516959	2.10808216	50.35051976	5060184.803	2293.688909	0.07060058
993.3	134.7488346	1.9916576	53.82622949	4937314.379	2306.040616	0.07823381
993.4500122	124.996661	2.20024258	53.1713778	4953341.218	2141.134876	0.09344639
993.6	132.175219	2.33225689	59.26113087	5049915.322	2306.626683	0.09654444
993.750061	128.5890521	2.31644994	64.56678922	4944029.669	2240.89329	0.12337062
993.9	138.8583291	2.15464429	62.43353761	4672190.923	2182.532392	0.1262209
994.0500488	139.9647374	2.13087499	57.13147165	4664913.066	2302.199437	0.11209081
994.2	135.0975752	2.203498	51.21038852	4848277.663	2144.873397	0.07674336
994.3500366	136.4273166	2.10259027	42.96569519	4834497.124	2140.005339	0.06391996
994.5	134.165842	2.194319	41.23472062	4810352.439	2206.39152	0.06105364
994.6500244	138.8095078	2.22370233	45.12317065	4589810.014	2242.990635	0.05583245
994.8	144.9262872	2.24487966	45.12634777	4635140.382	2150.82999	0.07066587
994.9500122	138.1783969	2.14457781	48.1903393	4248860.736	2230.439892	0.06851838
995.1	144.2916802	2.13715054	48.02657037	4640416.282	2182.684487	0.05625933
995.250061	139.2506457	2.09431164	43.42243832	4885137.331	1992.544966	0.0611831
995.4	136.5993329	2.10702653	49.59767614	4473747.52	2140.033453	0.06707436
995.5500488	137.7044898	2.15915005	48.8210552	4701555.022	2164.444775	0.06500546
995.7	130.8492926	2.21863746	52.09714832	5002534.246	2292.183317	0.07964385
995.8500366	129.5264751	2.27611342	52.74519102	5324077.315	2116.663537	0.08197532
996	124.903596	2.16669722	60.26785171	5145861.915	2538.593283	0.10035388
996.1500244	137.0208233	2.3330853	59.42487156	5149579.39	2402.763206	0.11925075
996.3	130.0784464	2.20339526	61.2076509	4885475.397	2356.930004	0.11008031
996.4500122	128.8272922	2.21086546	56.38010451	5137830.961	2402.805306	0.0934209
996.6	133.8681558	2.15225627	54.53007914	5393467.335	2466.944704	0.08995497
996.750061	132.5700248	2.03394326	48.62386444	5097526.135	2356.271027	0.07983188
996.9	131.0988255	2.27282866	50.91068609	5100605.756	2379.926149	0.08725445
997.0500488	134.8103559	2.2607369	57.8606999	5142616.658	2313.653295	0.09835462
997.2	134.0878577	2.19660077	56.4698911	5155538.323	2316.336481	0.1076726
997.3500366	129.0983429	2.21951855	57.11214759	5007232.808	2286.418268	0.09515803
997.5	128.2013189	2.25525354	54.40407741	5317498.851	2272.893719	0.10859182
997.6500244	131.8349661	2.09497581	60.42371588	5092400.785	2241.092893	0.10380491
997.8	123.6448967	2.16718079	54.38771331	5052563.965	2189.769726	0.10771574
997.9500122	125.4245947	2.26863689	56.72446703	4961463.661	2310.031621	0.09496447
998.1	138.289206	2.11821419	57.42437673	5285496.39	2171.096478	0.09137137
998.250061	138.2238548	2.23420792	54.50011236	5241666.591	2332.235599	0.10114492
998.4	131.600633	2.11151844	57.51531332	4980338.304	2295.595788	0.09814191
998.5500488	136.5256258	2.23093563	57.1429216	5160540.086	2282.775676	0.10206199
998.7	134.289205	2.20217036	53.13337489	4969011.993	2252.441345	0.0942848
998.8500366	146.9924606	2.08296675	54.05259107	4851613.969	2497.784291	0.09756855
999	137.3699663	2.28801428	49.37810659	4936972.866	2396.96696	0.08330796
999.1500244	131.9540654	2.1560749	51.14551166	4784556.595	2207.789878	0.08012928
999.3	128.8737809	2.14901396	45.04150148	5142546.377	2312.87738	0.06826199
999.4500122	127.6923818	2.21157276	51.20630932	4683447.937	2224.725581	0.08085138
999.6	136.3996745	2.27085478	53.2046175	4719082.933	2172.524566	0.07887687
999.750061	134.4834036	2.10678251	55.96146155	4480183.897	2115.363772	0.09284194
999.9	131.6334765	2.18344309	52.82326327	4817835.713	2249.801048	0.08391283
1000.050049	131.4592056	2.22859184	53.20110522	4971609.74	2221.956428	0.09478377
1000.2	130.7982606	2.24073393	57.89909288	4886309.952	2326.366631	0.10051806
1000.350037	140.56638	2.21340575	58.36993922	4845291.842	2354.591225	0.10382986
1000.5	136.5007525	2.17952272	58.49543351	4862826.328	2396.20366	0.10547558
1000.650024	134.5570001	2.13733654	54.34797443	5049680.114	2200.977842	0.08254796
1000.8	141.615191	2.19608439	52.06012451	4832387.191	2283.950498	0.09911336
1000.950012	136.5102881	2.11086703	55.86979545	4945761.298	2285.240844	0.09821055
1001.1	130.8920439	1.99093873	52.96353999	4833615.637	2232.177034	0.08227439
1001.250061	140.2260982	2.22978147	50.52529221	5032340.61	2217.046497	0.08969571
1001.4	135.3631802	2.26754914	55.0805618	5261870.466	2409.24777	0.09214499
1001.550049	125.5822146	2.05671545	57.14201236	5316989.759	2364.768502	0.09764285
1001.7	130.1296035	2.14574141	58.35153505	5092866.032	2375.863439	0.10660658
1001.850037	127.4399114	2.25982857	60.96329603	5198551.893	2264.918148	0.11522339
1002	124.6082307	2.36548039	64.72256321	5155774.757	2248.752352	0.11881184
1002.150024	136.1132016	2.21016416	62.99097846	5088898.633	2260.886169	0.11806921
1002.3	140.1213472	2.15752122	56.03847724	5034071.185	2294.411815	0.10758169
1002.450012	125.5499528	2.20193164	61.81179964	5115208.872	2242.401717	0.11062195
1002.6	135.815759	2.29862825	63.62208069	5061924.166	2282.18954	0.11863494
1002.750061	131.5460576	2.15229725	62.19667464	4825885.952	2144.956009	0.12176744
1002.9	131.54927	2.14538616	59.58567768	4855875.829	2198.750854	0.10255135
1003.050049	132.3600119	2.16053938	60.05390944	4731365.306	2311.525103	0.10138611
1003.2	131.0533497	2.12852287	60.06540232	4705840.13	2309.799311	0.09934168
1003.350037	136.4582294	2.19457524	58.62164876	4686893.258	2207.615836	0.10642454
1003.5	133.894889	2.29435416	58.82687203	4866186.815	2144.016723	0.0944788
1003.650024	136.288845	2.21492912	55.95225002	4794023.755	2177.972354	0.09037414
1003.8	132.9537094	2.18609603	56.72159982	5130189.897	2261.09837	0.09619498
1003.950012	129.9947614	2.19596257	58.38156372	5164067.921	2375.36213	0.10445339
1004.1	125.4457939	2.11693039	63.49128052	4927492.136	2429.237697	0.11182064
1004.250061	127.0401628	2.28779378	62.02098316	5351538.552	2318.396886	0.12692721
1004.4	132.0979983	2.22236922	71.30179581	5398719.368	2276.472138	0.15353948
1004.550049	129.7756438	2.22253989	71.96178424	5168503.127	2406.364926	0.16250617
1004.7	124.5205078	2.45553762	69.19188873	5360382.466	2310.093573	0.16227133
1004.850037	129.1068527	2.25067841	71.16568259	5137750.716	2329.578065	0.16560862
1005	130.8373173	2.18210902	63.93022673	5348319.998	2484.666802	0.14517757
1005.150024	122.9210328	2.1935587	67.81267976	5012796.059	2410.923924	0.14145272
1005.3	133.3205177	2.29663699	64.90213837	4852872.824	2336.784486	0.12768807
1005.450012	128.1186112	2.22528576	58.17892369	5101995.564	2234.724551	0.11017511
1005.6	134.2660067	2.10966913	61.45492076	5087328.382	2326.094038	0.12171516
1005.750061	127.3329958	2.28419275	68.75486895	5119371.899	2415.822352	0.13590184
1005.9	120.2438934	2.18879369	64.54956238	5142357.93	2360.136297	0.13313594
1006.050049	120.4167652	2.3709419	64.65090333	5303898.694	2499.530517	0.15106334
1006.2	128.7976143	2.30625988	67.80989832	5330733.656	2466.701504	0.13462069
1006.350037	131.8777607	2.18588904	68.90671132	5159008.035	2454.287723	0.13398875
1006.5	128.5634929	2.29924974	66.07730081	5121156.192	2327.302852	0.14308453
1006.650024	135.1720424	2.21213794	66.12171013	4963821.277	2343.224297	0.13128342
1006.8	127.2573519	2.25873671	68.11503913	5194386.664	2379.355039	0.13814492
1006.950012	133.706347	2.23332169	65.46848868	4807235.237	2308.444955	0.15331509
1007.1	128.9553485	2.13994983	65.65693477	5087801.557	2238.736244	0.14058431
1007.250061	129.2704077	2.16562706	68.15218232	5304624.535	2276.684055	0.13642033
1007.4	131.4282755	2.28750306	66.22171628	5224549.73	2340.382571	0.12530673
1007.550049	128.2182224	2.18854852	64.39782994	5084404.773	2217.26512	0.13076943
1007.7	129.6941477	2.18640773	62.10652305	5054769.641	2311.277064	0.12260643
1007.850037	138.234306	2.13107885	66.7683975	5168635.007	2354.559349	0.11667813
1008	130.8727233	2.23331206	64.94068777	4803882.024	2124.016112	0.13632449
1008.150024	134.4994488	2.36111943	64.15237815	4990929.225	2439.921646	0.1266066
1008.3	125.1435324	2.14829636	66.40848327	5156382.883	2432.71888	0.1359024
1008.450012	129.795946	2.23755537	71.41732528	5545821.592	2353.83078	0.15254622
1008.6	134.41293	2.33017508	71.75387206	5353857.474	2412.273161	0.15551419
1008.750061	120.2216884	2.21461558	67.20340126	5030993.725	2338.866027	0.13494117
1008.9	125.630195	2.26042304	67.56785844	5218420.966	2456.692948	0.1423103
1009.050049	131.8964772	2.15003674	69.80124217	5132748.561	2426.437303	0.16068066
1009.2	127.2652292	2.26325857	72.29681167	5195334.154	2274.870269	0.15810315
1009.350037	128.756542	2.22484863	62.50584209	5524280.918	2439.37162	0.14900243
1009.5	126.4572777	2.29771302	68.14565151	5039394.43	2348.742218	0.15544408
1009.650024	127.3595051	2.32305791	73.67947952	5642500.232	2406.088446	0.17967393
1009.8	127.8020991	2.41346543	72.72685759	5432712.246	2318.713539	0.19062156
1009.950012	135.1581623	2.26076395	72.64965011	5371462.322	2468.363853	0.17758554
1010.1	130.8611078	2.24611263	63.80400802	5142582.298	2425.571005	0.12902774
1010.250061	130.1929229	2.24264376	67.1300601	5249261.179	2310.970245	0.12873343
1010.4	128.6365793	2.19537235	66.70306031	4953982.038	2239.120921	0.12627106
1010.550049	127.3047645	2.2500138	62.3142645	5160404.178	2328.506839	0.12604708
1010.7	127.4553113	2.20575978	60.50889008	5333991.819	2391.141755	0.1217356
1010.850037	131.9061827	2.23225721	61.78314189	5410260.621	2357.312793	0.11488549
1011	126.3032861	2.32632475	65.68824431	5133106.887	2474.396098	0.13804275
1011.150024	129.9841443	2.1581959	69.43424165	5214151.404	2425.495119	0.15939867
1011.3	136.8081594	2.31209455	64.68236098	5276164.714	2447.782983	0.14371736
1011.450012	131.0590321	2.32930257	64.11793116	5114319.771	2415.089387	0.1388604
1011.6	127.3858634	2.22122769	66.29875536	5377955.213	2264.148925	0.13803039
1011.750061	133.106389	2.08318694	67.56676903	5187750.683	2363.051667	0.14186083
1011.9	124.904313	2.19909118	64.2494784	5366096.028	2487.279699	0.14403866
1012.050049	116.543749	2.34301582	65.81215108	5420423.666	2436.861645	0.13019078
1012.2	120.6441298	2.25073978	61.08243136	5370818.992	2480.515964	0.12617637
1012.350037	117.6973125	2.17864461	63.61534266	5467463.213	2407.762634	0.1363357
1012.5	124.3959985	2.21063307	67.81575299	5404847.891	2345.299754	0.14232303
1012.650024	127.5503299	2.29592093	65.68040311	5286199.322	2381.844987	0.13783733
1012.8	134.1907267	2.27605738	66.60446181	5234740.379	2416.817787	0.14045339
1012.950012	128.8050671	2.21995597	65.9819126	5401802.875	2342.203315	0.14207702
1013.1	127.5322528	2.20537164	69.26789108	5570829.406	2355.692432	0.16652731
1013.250061	131.4754406	2.20560497	71.31768406	5337672.27	2309.531658	0.16840418
1013.4	119.122687	2.16771995	68.23953498	5475545.72	2461.749005	0.15593399
1013.550049	127.9929145	2.35297952	67.65464738	5141298.983	2377.448876	0.14512594
1013.7	127.9133063	2.22965431	63.10963754	5528979.102	2551.625889	0.1438525
1013.850037	118.7483504	2.33785429	62.74386825	5317747.777	2556.583326	0.13170897
1014	129.5015712	2.35915286	63.76784477	5253082.924	2435.810266	0.1290027
1014.150024	125.5593414	2.32609448	64.62105761	5413920.42	2379.268601	0.13703989
1014.3	123.4914611	2.21953374	64.21129284	5676470.611	2278.857747	0.1265478
1014.450012	129.6158393	2.26772802	65.56372131	5531463.164	2289.51367	0.13809572
1014.6	138.8868381	2.2227717	68.18975153	5272178.056	2249.236367	0.14672445
1014.750061	132.273054	2.14969826	70.71004145	4873719.473	2420.347206	0.16051533
1014.9	132.3997695	2.23697925	69.85250234	5103902.379	2328.563202	0.16133568
1015.050049	129.0685964	2.13364388	69.41938198	5209869.495	2356.750292	0.16269433
1015.2	125.6955253	2.31054857	69.86788019	5283975.928	2193.751576	0.16497579
1015.350037	130.5210474	2.20600031	69.5327738	5060425.224	2308.1358	0.15570109
1015.5	125.4285303	2.24247774	67.55462039	5119526.884	2430.333565	0.15513441
1015.650024	132.0520129	2.23193727	70.03385072	5106342.514	2334.735039	0.17295374
1015.8	128.9258924	2.19884332	72.44378402	5252586.547	2317.852836	0.18696886
1015.950012	131.3988531	2.26671112	75.90576664	4874401.25	2396.969561	0.20134364
1016.1	129.3595419	2.20027141	75.67814332	5292239.726	2503.56275	0.1883121
1016.250061	132.0124549	2.29638642	75.28937003	5355681.012	2369.062023	0.18057034
1016.4	127.5465689	2.12948497	76.72267729	5371347.924	2356.432639	0.20115397
1016.550049	132.1033513	2.21248062	78.40169768	5157598.076	2302.554012	0.20990791
1016.7	128.4834596	2.34426662	75.34364639	5176190.734	2479.315226	0.19221446
1016.850037	128.5760519	2.14940595	75.16970962	5055708.403	2180.704562	0.18829213
1017	130.8293499	2.17852876	70.84360439	4930630.968	2408.607761	0.17169149
1017.150024	131.8293104	2.26561601	72.6673271	5213133.621	2359.12309	0.16982371
1017.3	125.8825208	2.23675967	71.59134644	5395451.891	2393.196712	0.18661741
1017.450012	135.6028759	2.23496906	78.71440547	5334157.286	2259.1875	0.21182448
1017.6	136.1158896	2.25325374	83.39997781	5297917.741	2330.716808	0.23123368
1017.750061	132.9412814	2.25962581	84.79930667	5215249.932	2375.439492	0.24630733
1017.9	137.5691079	2.30086776	90.88533687	5279044.677	2579.13652	0.25764308
1018.050049	124.6613791	2.26353573	84.9591269	5235886.232	2444.846652	0.24023282
1018.2	122.9898426	2.21619222	77.70377729	5292695.631	2316.370746	0.21436698
1018.350037	123.3919334	2.26558961	80.55619468	5452391.629	2300.966031	0.22194144
1018.5	136.0733577	2.35614108	75.89177192	5055426.709	2311.586966	0.20912371
1018.650024	131.0565296	2.2221908	84.86213143	5567164.267	2240.056923	0.24770741
1018.8	129.2034438	2.15681386	84.3697202	5187068.585	2330.260738	0.25800139
1018.950012	128.9616601	2.31265333	82.77818605	5549856.401	2439.419802	0.21807861
1019.1	121.7324727	2.23482115	82.55274824	5177767.94	2317.393778	0.2417055
1019.250061	137.38528	2.08423211	84.02869315	5450922.393	2471.17254	0.24107042
1019.4	129.2066477	2.28941986	79.37029731	5158853.172	2405.141803	0.22442227
1019.550049	130.3044958	2.18527071	82.41899427	4981928.073	2292.339301	0.21963469
1019.7	135.0175039	2.20390524	78.90547463	5138267.37	2297.666278	0.20972793
1019.850037	134.1353808	2.23296157	84.17889502	5263886.543	2425.587858	0.22236851
1020	130.7688404	2.23642373	82.12045857	5077229.015	2402.074816	0.21673185
1020.150024	126.4717997	2.27374493	81.56283972	4976017.048	2350.59617	0.22447275
1020.3	132.4722356	2.18835872	75.80750513	5165779.798	2317.091241	0.18127955
1020.450012	137.0640999	2.26193953	75.43167095	5229707.835	2361.843604	0.18593207
1020.6	133.0705811	2.21789093	71.51684735	5434295.545	2351.095338	0.18385351
1020.750061	135.5017268	2.28000217	76.03298669	5423114.524	2205.835566	0.19425355
1020.9	126.6592623	2.27268013	80.2653529	5267797.216	2519.941839	0.20335686
1021.050049	124.1072926	2.16692706	79.51371866	5619546.767	2389.96717	0.21706098
1021.2	129.9495828	2.29588771	77.12315514	5222524.883	2366.015721	0.21187826
1021.350037	131.8266556	2.17513258	79.33000304	5067587.443	2311.807484	0.21484384
1021.5	135.5201704	2.27299911	83.21545165	4885994.777	2271.012554	0.21421264
1021.650024	123.6676583	2.24460196	83.66883875	5134776.608	2320.109526	0.22383013
1021.8	136.8547736	2.3481499	77.97887347	5122179.731	2214.391796	0.20490386
1021.950012	126.8895491	2.220655	80.00093456	5504770.114	2560.031725	0.20154013
1022.1	126.1977962	2.20943131	79.70345682	5399144.123	2290.052931	0.21973729
1022.250061	124.6367414	2.2278339	78.36389837	5079764.64	2289.7865	0.23332337
1022.4	121.3324927	2.21173208	76.77908178	5341978.976	2346.458201	0.2040812
1022.550049	134.6932966	2.27077294	81.16766378	5251502.848	2417.181497	0.20925897
1022.7	133.1683557	2.09173005	77.31685453	5314099.003	2295.083972	0.20885216
1022.850037	126.0948922	2.13998992	75.81383697	5285084.367	2227.787573	0.19007403
1023	124.723568	2.14679625	77.47892956	5335612.191	2437.943683	0.19816568
1023.150024	127.0788269	2.29799441	86.11786815	5304051.85	2427.473382	0.23331667
1023.3	134.8764391	2.35386573	86.01525513	5381001.327	2420.573317	0.23283112
1023.450012	128.8188207	2.21546537	82.14167503	5424631.386	2400.242739	0.21024905
1023.6	125.3314255	2.20168159	75.32769765	4909452.099	2497.09028	0.18971502
1023.750061	130.9180592	2.21593261	78.05477053	5050134.505	2473.676827	0.19727363
1023.9	131.1321796	2.29094182	74.07525484	4962794.305	2253.455301	0.19310514
1024.050049	120.8525961	2.1459219	77.53561347	5173522.468	2432.420933	0.18840454
1024.2	130.1852064	2.23654857	70.76049023	5393211.633	2365.920067	0.17248002
1024.350098	128.5455635	2.2937303	75.85189751	5137932.661	2391.10669	0.18855511
1024.5	133.7813127	2.25199375	77.96054346	4762022.874	2201.46994	0.22068402
1024.650024	140.2392624	2.22001909	78.30989657	5000767.933	2284.600507	0.21077712
1024.8	137.431597	2.27631708	75.73217754	5214091.442	2234.053736	0.19960533
1024.950073	132.3812965	2.01166017	77.73188755	5117769.062	2345.32668	0.20927504
1025.1	128.0747879	2.25480402	80.10571493	5144646.263	2378.678703	0.2264533
1025.25	140.5012518	2.1762343	80.92836464	5164797.418	2190.094583	0.23163572
1025.4	129.5222672	2.09738888	81.82048624	5035753.526	2356.023691	0.21661439
1025.550049	130.0188203	2.25835552	75.57965391	5297955.76	2429.114608	0.20227872
1025.7	130.7361771	2.31405499	80.23501397	5026606.889	2315.705015	0.21347202
1025.850098	133.6018373	2.19630828	84.25871596	5427279.332	2349.75909	0.22257013
1026	135.0679985	2.25653515	81.48139539	5014331.781	2273.055745	0.23353624
1026.150024	131.8975177	2.31115602	82.34571384	4892953.249	2296.015538	0.2487956
1026.3	130.2369011	2.30043762	87.60459443	4978022.816	2280.560055	0.26881864
1026.450073	132.5087426	2.32235961	87.52064934	5055719.488	2207.011716	0.24845618
1026.6	129.5074654	2.26441103	80.78801995	5078641.341	2230.03754	0.21532072
1026.75	127.6181169	2.22437154	76.26099276	5367628.811	2388.015958	0.20233585
1026.9	131.9322154	2.10065011	81.39525077	5161681.407	2319.383664	0.22096119
1027.050049	130.4610637	2.1961339	80.2238458	5008458.06	2307.451709	0.23108488
1027.2	138.0050749	2.15200892	82.19672465	5426975.497	2280.006097	0.2181253
1027.350098	122.0635818	2.3582051	77.92964015	5065692.037	2270.484162	0.19882394
1027.5	139.1837331	2.18250528	74.20346745	5094015.539	2340.705093	0.17840088
1027.650024	139.219897	2.20698527	70.17250844	4894430.914	2247.503863	0.16870546
1027.8	120.9160537	2.26447197	71.59768203	5303039.445	2255.328674	0.17994465
1027.950073	128.1131035	2.2280119	76.3891563	5288003.386	2408.954198	0.1828322
1028.1	127.5967053	2.34660154	78.91083992	4942912.485	2345.344482	0.18856925
1028.25	123.9628417	2.17984713	74.16640525	5560686.749	2352.005507	0.19463461
1028.4	127.4148162	2.23233298	74.08393312	5393099.002	2454.002656	0.17322351
1028.550049	125.3192981	2.17062011	66.62585781	5151190.595	2345.563915	0.16678626
1028.7	134.8646336	2.1424858	70.84702023	5152123.064	2408.514179	0.16847252
1028.850098	130.9143667	2.19591595	71.75302115	5427695.052	2310.226962	0.16752965
1029	136.0075622	2.21487211	68.14989977	5181550.182	2313.758352	0.15998955
1029.150024	133.5959228	2.18816136	68.63169219	5234896.256	2378.597932	0.15739038
1029.3	125.1522701	2.17465427	73.30770521	5254153.567	2232.547563	0.18416686
1029.450073	126.0721507	2.13339538	75.24375238	5391270.771	2392.213205	0.18248712
1029.6	130.3508002	2.22583465	74.49289371	5540880.056	2382.299174	0.17970888
1029.75	124.0905873	2.1214075	71.84373394	5353762.062	2364.224491	0.19419555
1029.9	133.4540713	2.27257814	77.35054626	5006529.756	2412.446412	0.22469676
1030.050049	129.3066769	2.22623486	80.36734118	5421494.942	2364.386001	0.22563075
1030.2	126.2247775	2.13242142	80.27542131	5605649.934	2496.188423	0.20740488
1030.350098	128.0067903	2.22868313	76.19500046	6008408.33	2362.268142	0.23263419
1030.5	125.6923955	2.2045781	81.73365105	5367601.185	2470.705014	0.23757722
1030.650024	122.9987856	2.27654417	80.52463819	5559963.33	2454.990471	0.23018586
1030.8	131.764073	2.3336957	79.69960847	5026520.886	2319.705765	0.19640922
1030.950073	125.647274	2.089641	75.87973312	5298342.877	2414.800065	0.18839016
1031.1	132.9374349	2.22776938	79.03870412	5096279.021	2510.78861	0.21343285
1031.25	132.7362045	2.2090345	78.12029974	5513865.509	2337.76951	0.20250434
1031.4	130.702643	2.25802135	73.58617948	4976953.16	2347.360159	0.19897515
1031.550049	133.5079256	2.2245919	79.77547956	4813983.939	2312.37446	0.20712715
1031.7	126.3758807	2.16054627	74.84181823	5052308.595	2264.663462	0.18733384
1031.850098	136.2906835	2.18513582	71.35961059	4748770.064	2164.164791	0.16047509
1032	131.4447971	2.1533791	78.33498921	5219160.899	2252.85153	0.16751242
1032.150024	129.3114979	2.28954534	69.41701854	4789132.215	2214.756373	0.18161033
1032.3	135.600382	2.21606063	78.57870064	5145266.664	2448.553976	0.18283716
1032.450073	128.3757675	2.34870033	70.32426519	4797005.144	2313.561985	0.16050523
1032.6	125.3517491	2.21141736	68.55351809	5097438.528	2298.853041	0.15239088
1032.75	124.9664278	2.16452866	68.98358905	5412989.215	2387.218987	0.1428835
1032.9	135.6385906	2.0972842	69.24030218	5104703.02	2205.17362	0.15836464
1033.050049	129.2272222	2.06939477	68.82377656	4834751.556	2209.467368	0.15247352
1033.2	141.6187248	2.08495657	71.63330278	4974668.899	2272.267829	0.16188835
1033.350098	125.7763239	2.2161555	71.76250937	4990271.74	2346.53835	0.18301408
1033.5	139.88456	2.24094107	79.58383429	5134380.84	2330.160972	0.20301282
1033.650024	131.2740514	2.10838296	77.53072688	4960259.442	2355.782426	0.20353944
1033.8	128.3820567	2.29220271	75.84569158	5374909.076	2372.706316	0.19949272
1033.950073	126.8724612	2.19334602	76.40808724	4808049.113	2390.829719	0.20863289
1034.1	132.9145714	2.2250962	77.08713319	5037041.077	2336.756467	0.19143754
1034.25	133.1673924	2.31646197	72.95158894	4955030.488	2209.260424	0.17544006
1034.4	137.5077263	2.26796952	74.29090889	5158593.422	2295.27267	0.18435503
1034.550049	132.1838552	2.19331184	73.23048344	5122980.543	2233.844458	0.1822672
1034.7	130.8694689	2.15787711	77.14919948	4962168.862	2346.09481	0.19033267
1034.850098	128.9666522	2.06797622	75.05002047	5021571.88	2300.518383	0.17836817
1035	131.7554935	2.15998196	76.20310303	5138065.464	2499.007999	0.16983403
1035.150024	135.7351051	2.1814336	74.04656308	4964916.161	2263.599557	0.18638689
1035.3	127.2659351	2.12800932	78.6474938	4892298.061	2165.278783	0.20024227
1035.450073	128.3894655	2.19031175	80.44543673	4926602.726	2266.216811	0.2159157
1035.6	136.125033	2.2097089	81.95290369	5164476.251	2329.093683	0.20733276
1035.75	132.2089169	2.19754712	79.52253633	5043696.393	2442.717521	0.21852262
1035.9	130.2549674	2.1705411	82.48000453	5141745.526	2282.541913	0.21623131
1036.050049	132.0272841	2.22272555	79.6397896	5468448.736	2191.706265	0.21637988
1036.2	134.9015927	2.23315115	79.94960663	4791133.314	2344.524428	0.21183374
1036.350098	130.6933417	2.12857227	76.56253325	4749216.727	2190.25789	0.19288631
1036.5	131.6876456	2.29330857	76.50508671	5088752.279	2227.344629	0.19734814
1036.650024	135.0582672	2.19055807	69.27421995	4875847.455	2251.023117	0.16093761
1036.8	127.1838504	2.21657727	69.86379084	5093911.225	2318.207576	0.15566685
1036.950073	131.5745925	2.2725746	71.66775215	5085075.079	2397.827771	0.15117301
1037.1	123.6273161	2.23511054	66.68764835	5135084.151	2282.903017	0.14072929
1037.25	134.9851675	2.28480361	67.7741712	5435151.973	2310.269577	0.1413603
1037.4	136.3918785	2.21658739	67.78699224	5112530.734	2265.803975	0.15054566
1037.550049	133.5418081	2.16460619	66.4682128	5222474.415	2311.646479	0.14370959
1037.7	133.2103711	2.2522404	66.09582584	5017710.84	2366.616558	0.13224921
1037.850098	134.8116889	2.15313633	64.8460582	5127346.285	2413.92129	0.12907106
1038	127.8624571	2.26604406	62.93072785	5091150.143	2526.813522	0.10986943
1038.150024	113.3828266	2.27226016	45.83674095	5598981.005	2550.143871	0.06601728
1038.3	116.8890573	2.25298578	47.1425926	5819043.528	2529.717588	0.06519889
1038.450073	120.0105099	2.25601653	47.12088598	5718937.759	2368.608529	0.07487669
1038.6	125.3516834	2.11704258	48.38973004	5437591.468	2437.349694	0.06166353
1038.75	129.4673696	2.1987624	53.93938415	5351299.815	2429.234064	0.08058507
1038.9	125.0733029	2.24000753	51.84681052	5201908.462	2434.919376	0.08807556
1039.050049	127.4779232	2.25237603	51.1914603	5424950.234	2353.694189	0.07185073
1039.2	121.4595308	2.18125688	49.8435433	5642698.625	2397.979288	0.07552505
1039.350098	122.2720516	2.34143692	48.63998169	5232723.775	2399.908328	0.06496233
1039.5	120.3074924	2.18390967	47.84805777	5477779.425	2457.93575	0.07631495
1039.650024	120.5349591	2.3232128	52.11662212	5684267.892	2529.141563	0.0804223
1039.8	118.7596877	2.28521022	47.10038723	5461184.501	2421.898622	0.08089375
1039.950073	121.2728108	2.20394833	47.78225926	5590211.53	2501.078765	0.07387474
1040.1	129.2909029	2.37612221	46.10187969	5958985.55	2448.026971	0.07591862
1040.25	119.7527869	2.17481195	53.63289663	5551360.167	2456.004611	0.07654157
1040.4	134.5851177	2.32258079	54.30454713	5623726.612	2445.917382	0.08630952
1040.550049	127.0071142	2.32150442	56.37893	5366463.206	2494.389665	0.09632433
1040.7	125.5309385	2.20504214	60.20319889	5532038.617	2467.129436	0.10360375
1040.850098	122.818169	2.34136634	53.41227624	5489216.394	2582.761241	0.08644775
1041	129.5973477	2.22336337	58.88153191	5422153.183	2341.40011	0.09828469
1041.150024	123.5763245	2.26593791	56.4091243	5265312.606	2459.07765	0.08855236
1041.3	127.5342791	2.25755015	54.4932819	5407032.914	2359.803322	0.09073455
1041.450073	137.3513866	2.23065636	59.65397511	5625049.243	2337.356823	0.112489
1041.6	125.7524505	2.30149488	57.12259388	5497759.152	2415.425418	0.11035192
1041.75	132.3078488	2.29184225	56.21494581	5501117.736	2398.861645	0.10167619
1041.9	125.1107667	2.11063989	53.64478758	5280187.772	2599.507619	0.08276588
1042.050049	127.3982952	2.32816305	52.74163643	5469323.332	2376.05247	0.09345154
1042.2	134.8325123	2.11900316	51.5134966	5388345.188	2304.4998	0.08161061
1042.350098	124.0040482	2.31463841	58.53389769	5240568.554	2428.587386	0.09268524
1042.5	133.3056751	2.32516516	58.60586389	5490538.419	2266.142916	0.10711406
1042.650024	129.3793785	2.16559132	61.31225507	5238507.495	2402.91992	0.12052438
1042.8	124.6784153	2.21062316	64.11006957	5270346.956	2401.587147	0.13830112
1042.950073	128.3324869	2.16885355	67.37277575	5477440.192	2483.307215	0.16274006
1043.1	127.6736039	2.24340918	73.12329215	5614864.138	2536.868271	0.17368982
1043.25	125.7103596	2.23988025	67.65246383	5398565.415	2437.078163	0.16336594
1043.4	116.0981347	2.32020856	71.12347313	5811064.903	2476.467553	0.16578368
1043.550049	118.57598	2.36318332	71.15708919	5789862.807	2450.362884	0.17946394
1043.7	122.3608994	2.35864657	78.76175383	5466949.85	2386.274599	0.18925589
1043.850098	124.7758956	2.21093963	72.95494025	5227992.884	2459.996082	0.16875952
1044	126.7627574	2.24073797	67.43203241	5509968.149	2358.489936	0.14673686
1044.150024	126.0924022	2.13035336	67.97170505	5393403.733	2400.313139	0.13509021
1044.3	120.9473179	2.18607593	61.47609192	5426738.281	2336.850256	0.128608
1044.450073	126.4328701	2.3196415	63.2136993	5435435.863	2481.857767	0.12097838
1044.6	126.7173224	2.36928481	62.9936706	5199928.623	2588.291192	0.11892456
1044.75	127.3890817	2.16350528	60.94227207	5418377.014	2339.227944	0.11230322
1044.9	129.0808485	2.21123257	62.78870389	5457677.871	2306.620494	0.113811
1045.050049	129.7473884	2.24145068	63.50519657	5517831.146	2403.28978	0.12471572
1045.2	130.147308	2.2518142	66.79258607	5187691.645	2377.433529	0.13919605
1045.350098	128.5963861	2.17154155	68.56551284	5550039.582	2381.261151	0.16310132
1045.5	122.4121355	2.25657959	71.40427086	4934350.159	2325.665271	0.17635568
1045.650024	131.7330554	2.18893535	71.80703498	5429884.822	2330.070237	0.16989628
1045.8	132.8219227	2.20972237	69.70397826	5068506.553	2337.036891	0.15693977
1045.950073	131.7587674	2.25685974	67.98639933	5318712.459	2410.722358	0.16331296
1046.1	126.7157752	2.21135611	71.63190949	5120862.372	2164.108865	0.14751125
1046.25	126.7278224	2.18478258	70.16326045	5338821.155	2296.486473	0.14227643
1046.4	133.6532063	2.218172	66.56533994	5180747.897	2372.463719	0.13349214
1046.550049	130.2255305	2.21368806	62.94573619	5006327.696	2269.067633	0.11997884
1046.7	134.2929467	2.18734136	59.8530259	5366852.36	2447.122822	0.11608662
1046.850098	130.475846	2.20183188	59.33602934	5171923.909	2290.683123	0.12302723
1047	129.4718406	2.33841621	58.96981093	5281907.513	2353.315011	0.10599957
1047.150024	134.7502813	2.25638626	59.7180957	5367266.72	2369.820606	0.10792432
1047.3	132.9817928	2.17194422	58.10152382	4775410.891	2212.054917	0.12024838
1047.450073	134.2480886	2.24889734	56.98494885	5108427.094	2139.139632	0.09949413
1047.6	133.608722	2.16689953	53.08036804	4828953.475	2217.439448	0.08817367
1047.75	132.6609908	2.27912372	52.09209953	4957950.861	2344.119773	0.09054695
1047.9	130.6349909	2.23722777	54.090566	5121794.368	2285.680562	0.09799731
1048.050049	130.0829541	2.21931449	56.96325398	5004565.639	2296.36264	0.09927456
1048.2	126.5360832	2.26231708	63.78445517	5161863.123	2441.242208	0.10802913
1048.350098	133.2992392	2.12214494	62.10322003	5535104.989	2353.514027	0.1150431
1048.5	125.4109057	2.14812045	60.98956935	5407797.968	2323.385733	0.12529715
1048.650024	130.4236023	2.13122166	63.29214697	5136523.639	2334.545792	0.12128389
1048.8	129.7893868	2.22299511	60.32639364	5166361.754	2373.903047	0.12069595
1048.950073	136.1594084	2.3427113	66.62792521	5148122.463	2518.237846	0.1358458
1049.1	129.063718	2.38927447	66.86660365	5530607.129	2438.236651	0.15202711
1049.25	132.2505313	2.27842736	67.70301057	5283912.06	2467.351991	0.14005496
1049.4	122.7148307	2.26435617	68.19291856	5314014.884	2328.809221	0.1410047
1049.550049	131.6032483	2.09232137	61.987726	5373611.978	2258.797028	0.12849626
1049.7	133.1409713	2.18681848	62.8730037	5107406.601	2358.300105	0.14036811
1049.850098	127.6324177	2.18226405	65.26618913	5617751.329	2402.408796	0.14046565
1050	132.8245926	2.187244	67.74969419	5038203.124	2292.034098	0.13769215
1050.150024	126.2269031	2.21987042	62.88980492	5571585.464	2361.793586	0.13733668
1050.3	134.7762813	2.19462849	58.18131163	5201450.896	2392.423225	0.13304103
1050.450073	138.5965665	2.08741473	62.67369099	5213153.345	2386.197559	0.12249186
1050.6	126.8638906	2.28432952	68.90289658	4984815.481	2412.455037	0.15016031
1050.75	127.2405081	2.1520245	71.16125818	5184919.741	2383.377955	0.15713954
1050.9	134.3593228	2.24814619	63.53818529	5122923.702	2335.70131	0.13446303
1051.050049	134.9090754	2.37710325	61.93698404	5192974.13	2334.566292	0.13332793
1051.2	126.0346925	2.16789159	64.06967416	5286375.125	2288.453815	0.11776953
1051.350098	124.6390233	2.06500071	56.93518584	5570598.774	2545.563733	0.11840647
1051.5	123.7680173	2.23135147	61.95817953	5528112.381	2440.954832	0.1233591
1051.650024	118.9642308	2.33164233	66.90930502	5571377.47	2432.101161	0.14641773
1051.8	120.8377805	2.39121394	65.48362721	5329791.355	2376.919725	0.13231965
1051.950073	120.8306503	2.16478981	61.42977918	5345685.045	2658.922268	0.12092544
1052.1	122.5313409	2.28209779	64.20954999	5749727.9	2345.150453	0.13550696
1052.25	126.8874751	2.2065159	61.08541208	5250546.067	2367.410594	0.13646121
1052.4	128.71932	2.22762981	63.23952708	5608200.422	2416.767294	0.12619037
1052.550049	133.1170979	2.42697725	63.04295941	5346942.963	2449.11211	0.11927154
1052.7	121.3324109	2.14277972	62.38542944	5465169.174	2501.864509	0.13340734
1052.850098	129.6311079	2.26539138	67.82045106	5632299.725	2561.700048	0.15272646
1053	125.8217339	2.27414187	69.76586618	5603682.652	2443.55519	0.15346387
1053.150024	126.0622697	2.32013393	66.48828484	5397735.763	2335.083603	0.14972758
1053.3	126.9952296	2.26229933	62.98823441	5468756.862	2434.223475	0.11803083
1053.450073	117.7610803	2.28795839	57.58010576	5636265.65	2514.135212	0.10806256
1053.6	122.3268136	2.24789609	54.45263326	5799538.06	2678.489222	0.09064604
1053.75	120.7651123	2.29838015	51.47507187	5934197.736	2433.789506	0.07510458
1053.9	123.2889691	2.24836466	47.48752501	5712277.257	2603.154909	0.06572303
1054.050049	124.8025031	2.302707	44.5237383	5672824.613	2479.071339	0.06344466
1054.2	136.6009072	2.21598347	47.07134587	5672637.614	2470.999355	0.06185245
1054.350098	126.2502068	2.25528553	50.84988819	5335258.115	2357.727356	0.07335253
1054.5	128.2236646	2.21773951	48.9524995	5240707.99	2274.561606	0.08460803
1054.650024	127.2672829	2.30246905	54.86165258	4966800.224	2404.027862	0.07987362
1054.8	125.9813696	2.22858119	51.11721131	4866598.225	2425.432777	0.08020647
1054.950073	124.218768	2.11558722	51.14100519	5449114.364	2475.91124	0.07507044
1055.1	131.1403691	2.33247421	50.39823774	5399739.453	2412.758448	0.0675609
1055.25	132.5709759	2.17708429	46.42386504	5302490.417	2359.737166	0.07167911
1055.4	126.2331606	2.18437608	51.14857851	5328275.209	2254.272538	0.08364191
1055.550049	124.7606143	2.19075745	55.80397951	5299675.924	2439.385544	0.09579839
1055.7	128.8277173	2.33686068	57.05352416	5568367.4	2433.574183	0.11145709
1055.850098	124.2885582	2.09172198	58.75080995	5414572.186	2336.400534	0.08904944
1056	130.8091337	2.4533496	51.65018126	5182370.603	2336.932922	0.08323285
1056.150024	128.2301259	2.31149057	50.03222684	5517218.75	2357.588271	0.08966185
1056.3	120.5184092	2.25674902	54.24823472	5354217.523	2294.525858	0.08389765
1056.450073	133.6514985	2.23370053	52.82000293	5444361.627	2332.866515	0.08745196
1056.6	135.5944689	2.25233414	54.79087054	5225660.234	2291.932308	0.0974542
1056.75	126.3162986	2.26558401	53.47296699	5165373.226	2335.223609	0.07608023
1056.9	126.0163609	2.28139183	55.35530396	5354993.94	2333.481611	0.09520426
1057.050049	127.9802515	2.27962201	57.3785919	5387358.587	2282.026054	0.1109348
1057.2	126.9017256	2.25420528	54.74226799	5537913.348	2579.140548	0.08900498
1057.350098	128.7288131	2.23115753	53.46507602	5384578.519	2511.934381	0.08967285
1057.5	135.7721723	2.22563833	56.66741072	5038033.112	2331.469148	0.09023075
1057.650024	127.3914933	2.21924584	58.83343502	5240375.642	2399.462791	0.09760767
1057.8	124.2519393	2.31627263	56.35904498	5477933.757	2421.448952	0.10195915
1057.950073	120.101839	2.28852066	57.5924813	5396443.163	2512.953177	0.09854838
1058.1	123.6038752	2.03480349	59.84448106	5356687.373	2346.561745	0.10875257
1058.25	125.1866569	2.29537422	55.82806943	5634665.588	2513.721507	0.11079593
1058.4	132.5945476	2.26322204	61.24520994	5355490.874	2392.535802	0.11098228
1058.550049	122.6661264	2.25090265	60.11813413	5244288.445	2342.827203	0.10999803
1058.7	126.9850992	2.21744309	64.99099142	5400508.762	2471.808955	0.11054446
1058.850098	126.0925226	2.32343842	59.33939862	5341544.431	2512.441737	0.11201896
1059	129.8304385	2.31791858	61.40926721	5329709.913	2632.353463	0.10175485
1059.150024	136.7158887	2.18861904	59.96957229	5380543.501	2322.168167	0.10478721
1059.3	124.2014232	2.27177194	57.8756048	5492070.587	2464.126411	0.0984839
1059.450073	123.352334	2.18056333	58.56181114	5466848.606	2400.883139	0.10894573
1059.6	131.584111	2.14050107	60.70652318	5408349.865	2452.650695	0.12233709
1059.75	129.09345	2.1993707	65.23568459	5716219.177	2303.369266	0.12393745
1059.9	135.7440248	2.29334407	61.25125525	5251439.353	2283.388073	0.12072365
1060.050049	130.8308658	2.29825279	56.2565818	5340983.452	2315.084209	0.11391692
1060.2	126.8403279	2.2680257	58.04480084	5217011.449	2381.390638	0.11330143
1060.350098	133.3555911	2.26775647	63.02925642	5019020.723	2279.905164	0.1304845
1060.5	135.4501729	2.25318588	66.16188672	5063859.995	2377.468127	0.13705505
1060.650024	132.8809225	2.17971109	62.57107436	5155864.536	2429.939575	0.13200078
1060.8	130.6773048	2.26062314	62.21540461	5345714.145	2414.894617	0.10566791
1060.950073	132.3779556	2.28995957	56.73233263	5709549.446	2501.92253	0.11224109
1061.1	132.6440368	2.28759353	62.56150341	5207375.428	2414.92078	0.1213831
1061.25	133.2501787	2.31970545	57.37809404	5271895.35	2297.875322	0.11775521
1061.4	131.6734683	2.27767409	57.8457747	5252504.273	2464.288199	0.10272043
1061.550049	128.6682904	2.25061667	54.66661127	5310896.597	2311.148704	0.09170374
1061.7	129.3012934	2.30494194	55.87947251	5324193.445	2436.293761	0.08683267
1061.850098	133.897261	2.22624255	51.99609018	5480132.66	2481.095394	0.09088405
1062	123.5472057	2.17797419	56.06591876	4976603.123	2436.219298	0.0901876
1062.150024	126.3085457	2.2406679	56.97139618	5102731.846	2330.521528	0.08428674
1062.3	124.2355178	2.19367886	58.58546059	5357574.444	2353.430124	0.10178269
1062.450073	126.7567888	2.19399019	60.14677973	5577824.568	2505.658817	0.10735559
1062.6	131.4626557	2.23371295	61.62319409	5157210.625	2401.953173	0.11152629
1062.75	127.1414743	2.187363	60.10072996	4909749.284	2418.104875	0.11472156
1062.9	127.6375125	2.21521538	66.17915137	5444869.133	2448.262067	0.13520412
1063.050049	122.6340961	2.09921412	68.41078591	5348685.268	2429.612577	0.13558378
1063.2	131.2853795	2.24736264	65.77335381	5124482.433	2397.759393	0.12295205
1063.350098	132.1962835	2.22479268	57.54716197	5069832.32	2337.095139	0.11144147
1063.5	136.7332522	2.176826	61.44576721	5163846.002	2360.060369	0.109448
1063.650024	123.430343	2.29919974	60.04921442	5525269.707	2508.563849	0.12446017
1063.8	123.6906759	2.32979752	62.62409247	5514802.304	2523.557345	0.11524687
1063.950073	124.1189135	2.14882522	61.22380104	5683218.558	2456.839784	0.11211558
1064.1	131.8716141	2.19489514	58.66679915	4989000.574	2511.075403	0.12401521
1064.25	126.9300001	2.18343206	61.02528456	5213960.409	2384.329794	0.12843706
1064.4	129.1501151	2.16744821	63.97748648	5130858.764	2317.462152	0.13739322
1064.550049	130.5235362	2.29188616	65.29566305	5274245.887	2323.86714	0.13793795
1064.7	127.3366457	2.22829804	61.88486662	5309161.517	2334.967824	0.13186798
1064.850098	123.4747821	2.23065311	67.36630327	5604381.457	2412.183811	0.13997729
1065	126.3779914	2.1065712	68.1970023	5145439.974	2519.231969	0.14782819
1065.150024	129.7398356	2.29373196	62.33382463	5476290.772	2371.480981	0.12556593
1065.3	121.4959401	2.15970958	59.62064012	5541726.061	2438.990992	0.11633609
1065.450073	128.4690754	2.23836836	64.16981992	5632523.803	2333.583318	0.11392029
1065.6	125.3876257	2.25176006	67.39059765	5224799.116	2357.130847	0.13169836
1065.75	133.2449017	2.32743862	63.59915835	5353376.721	2261.824263	0.13349707
1065.9	122.1503383	2.13932148	61.04213872	4997365.288	2357.693445	0.11891156
1066.050049	127.2258074	2.01228583	62.33969449	4837659.243	2338.978164	0.11279274
1066.2	133.230004	2.22529277	62.78294381	5261409.356	2354.946861	0.13319095
1066.350098	138.6865066	2.33569115	64.46539798	5088783.644	2320.853015	0.13492241
1066.5	131.8932271	2.29689845	61.85740993	5292406.302	2216.727776	0.11297323
1066.650024	128.4209055	2.23286284	61.37099144	4944225.726	2413.200775	0.12990541
1066.8	136.9797866	2.19167222	71.66776361	5335323.88	2373.311803	0.15073445
1066.950073	121.8523747	2.29179756	68.99633343	5642713.081	2400.247576	0.15808462
1067.1	119.7288798	2.16099228	64.42757749	5349195.12	2367.183369	0.13576309
1067.25	129.9126394	2.26660198	60.89985871	5358888.971	2340.478098	0.11443386
1067.4	124.7655346	2.27612188	61.59041606	5386359.994	2419.692	0.12127171
1067.550049	120.5891284	2.327003	60.94366748	5240671.232	2478.491315	0.12764903
1067.7	124.9955139	2.4621171	64.90158795	5887094.642	2365.845835	0.12674394
1067.850098	120.9095511	2.30805335	62.81853137	5694755.118	2501.617181	0.12939238
1068	117.1362537	2.24726213	64.27425121	5910136.837	2532.782914	0.12501653
1068.150024	115.7238887	2.27251923	70.19342867	5470432.215	2538.948642	0.14768932
1068.3	126.5848393	2.13788332	69.65854351	5409226.607	2566.882602	0.15664362
1068.450073	127.320789	2.20406027	71.21099218	5747704.148	2387.374019	0.15413396
1068.6	124.8207963	2.22088272	65.41971636	5417898.894	2396.792728	0.13311697
1068.75	132.4403008	2.21473714	68.59419234	5737554.793	2402.338306	0.14393501
1068.9	120.2478573	2.26386783	62.18206776	5497537.784	2385.847614	0.13901063
1069.050049	119.286624	2.1900406	62.85190394	5151497.534	2402.221505	0.11979967
1069.2	123.5677911	2.3218798	64.55129954	5557320.45	2469.01118	0.13638569
1069.350098	125.289528	2.24830318	66.56314718	5363136.837	2350.413387	0.13958329
1069.5	126.7428386	2.24601513	66.5782806	5562136.483	2455.872053	0.1394002
1069.650024	126.2744559	2.21481181	64.08020894	5364127.77	2267.920444	0.12855951
1069.8	130.2870961	2.23968751	62.50547181	5015250.741	2323.66227	0.12853234
1069.950073	125.0796287	2.27905899	62.04428213	5226692.184	2316.405729	0.11617994
1070.1	135.9645621	2.1607346	60.70507126	5572840.109	2468.696894	0.12627701
1070.25	129.2164226	2.17834977	66.09139343	5316188.39	2332.179399	0.13482036
1070.4	132.7558455	2.21119361	65.9710998	5299067.962	2213.354501	0.1384822
1070.550049	127.50816	2.14986263	64.57684795	5604459.618	2267.672422	0.15668783
1070.7	126.442625	2.19578705	73.3040342	5548749.763	2449.275759	0.17851306
1070.850098	126.0655076	2.22479866	72.79751655	5597952.87	2509.197045	0.17568527
1071	125.4394836	2.32064873	66.77517466	5388696.053	2493.910526	0.15971299
1071.150024	126.759381	2.27452784	64.30634239	5578645.835	2468.009213	0.14112452
1071.3	130.9091923	2.26190133	64.42223229	5634083.461	2516.062742	0.13444943
1071.450073	128.2237902	2.29692913	64.22290351	5211846.11	2351.779264	0.11465231
1071.6	131.4903268	2.22056718	63.06398688	5523745.35	2437.189357	0.1201429
1071.75	128.1972366	2.25789396	62.14853867	5272552.883	2248.87168	0.12040574
1071.9	133.8079324	2.2269018	65.98041694	5175666.129	2315.191077	0.130513
1072.050049	124.0992812	2.25890507	66.52479989	5548414.526	2267.525426	0.1408613
1072.2	133.5599888	2.20307277	64.8161591	5372541.78	2394.826088	0.14366771
1072.350098	126.6946527	2.06856595	61.40733402	5509164.188	2399.186145	0.12513775
1072.5	122.8258659	2.22030495	59.54639705	5232999.235	2377.214498	0.12534156
1072.650024	130.7105326	2.32126056	60.98995437	5190157.956	2345.883334	0.11802097
1072.8	127.2537968	2.28713799	63.39442439	5290191.949	2274.602213	0.12029908
1072.950073	133.0260519	2.29248474	62.83153425	5280698.098	2337.871767	0.12446489
1073.1	125.2651019	2.32107119	64.95334127	4990085.95	2270.620429	0.14014264
1073.25	123.8209133	2.25352268	67.58804789	5264772.859	2527.707351	0.15078623
1073.4	118.3689967	2.25857367	66.3297461	5580580.044	2394.465907	0.13812151
1133.1	123.3718317	2.20622772	49.27337185	5453984.708	2397.557447	0.07743452
1133.25	115.2510419	2.22775903	50.53701331	5391875.39	2553.865725	0.06939564
1133.4	119.167111	2.29060645	45.14513676	5225164.147	2333.056624	0.06724853
1133.550049	129.104289	2.33004222	44.75125231	5251795.39	2335.075995	0.05964553
1133.7	129.3841319	2.23443551	41.87286146	5084796.69	2333.894509	0.05793322
1133.850098	127.4519662	2.21518304	41.12483158	5430950.589	2419.544543	0.04882767
1134	120.703075	2.25301578	43.04995254	5409096.229	2477.367689	0.04797296
1134.150024	122.9353894	2.30414572	47.28961714	5438094.751	2530.771873	0.05290898
1134.3	122.5457637	2.16343925	54.16287718	5621798.033	2679.079344	0.07497122
1134.450073	118.3974602	2.10010165	54.70707216	5659302.746	2307.274063	0.09003222
1134.6	130.3964641	2.21659952	49.8041393	5881703.144	2498.717832	0.08550005
1134.75	129.1242682	2.16193997	50.56993262	5206125.265	2386.437643	0.07503254
1134.9	125.601785	2.20653371	50.77877872	5595792.917	2365.58621	0.0815204
1135.050049	126.6711357	2.23157128	54.52665614	5561556.619	2362.02867	0.08246517
1135.2	126.9528486	2.21274653	45.02077388	5295837.322	2349.238359	0.06871305
1135.350098	117.1358294	2.3504398	46.06783825	5494494.908	2554.7786	0.04838137
1135.5	123.8911345	2.27457842	42.46342334	5418296.186	2503.243715	0.04266796
1135.650024	121.8169906	2.27440993	43.91246687	5542607.783	2447.827949	0.04389484
1135.8	120.3075759	2.29825443	43.21957709	5774984.326	2551.005104	0.05852409
1135.950073	122.7715568	2.17701757	54.81144827	5652798.921	2346.630101	0.09670926
1136.1	131.4116144	2.32957641	61.4934239	5628572.534	2357.50938	0.09933613
1136.25	128.3356827	2.24156518	53.79886866	5376327.987	2261.967706	0.08664818
1136.4	125.4155873	2.28235233	48.2316442	5085745.943	2333.729441	0.08036414
1136.550049	131.0921623	2.15386857	47.04205495	5243008.128	2379.479715	0.08230734
1136.7	134.3871237	2.12042243	51.6808232	5483481.759	2376.676783	0.07603047
1136.850098	132.4696636	2.28730481	44.84068852	5026720.372	2379.69693	0.06593511
1137	126.7344784	2.26888728	47.37573379	5228207.747	2304.515557	0.07220461
1137.150024	122.2754965	2.18790707	50.82710409	5514397.68	2499.953394	0.07720851
1137.3	127.5693109	2.19142645	53.84533406	5341467.989	2461.910457	0.08261429
1137.450073	126.4896453	2.33092731	56.00584684	5363739.276	2495.513287	0.09458543
1137.6	128.1218946	2.17034234	55.89784947	5449696.383	2307.591172	0.09816666
1137.75	126.553595	2.37266722	57.41597434	5322340.754	2482.229583	0.09690488
1137.9	127.7210517	2.19666142	52.49463446	5418902.223	2380.736558	0.08965456
1138.050049	120.8915915	2.30701416	52.56077703	5719001.213	2446.728459	0.08674744
1138.2	128.5960527	2.23818575	52.44758029	5376442.606	2513.811965	0.09344787
1138.350098	124.4859305	2.30110729	56.72255527	5300133.056	2471.285367	0.08786427
1138.5	132.6340411	2.21764227	58.56806814	5433877.036	2391.592864	0.10109539
1138.650024	121.5162208	2.2433916	58.99927412	5649570.489	2451.898357	0.09890623
1138.8	131.6730783	2.25637026	62.09516563	5481004.659	2332.368578	0.11561678
1138.950073	125.3359506	2.18318696	62.68006357	5439059.109	2533.614555	0.13295504
1139.1	121.6299139	2.30723087	72.16817649	5537353.794	2436.902184	0.15832169
1139.25	122.2007366	2.21956938	70.91922442	5245765.937	2538.063783	0.15032541
1139.4	123.0431629	2.2386025	63.60964613	5608857.446	2411.736146	0.11648615
1139.550049	126.3529707	2.18318346	60.7180131	5574937.256	2406.762387	0.10681127
1139.7	126.9709523	2.07154043	52.23492013	5430374.701	2384.586332	0.10036567
1139.850098	122.681107	2.23738688	54.25689403	5654819.772	2503.315661	0.09698078
1140	125.2956102	2.4185949	53.81087164	5278135.938	2377.716692	0.09017153
1140.150024	134.5384074	2.30177077	56.87883856	5632113.551	2471.541218	0.0929198
1140.3	132.8383763	2.24520821	54.74086652	5470183.657	2394.879748	0.09975682
1140.450073	126.9957464	2.23127076	60.31957039	5420603.336	2286.690132	0.1045394
1140.6	124.3811589	2.2570245	63.56800481	5530716.759	2411.024479	0.12282364
1140.75	123.5657438	2.30060973	62.91794435	5584378.876	2388.495387	0.11937474
1140.9	124.3360987	2.18616233	60.6896915	5881073.637	2504.511399	0.10174735
1141.050049	117.0597151	2.3511571	54.75966239	5534004.232	2424.994214	0.10014661
1141.2	120.9860844	2.31847414	51.87091558	5537781.291	2566.787055	0.08547589
1141.350098	117.1448436	2.30749891	55.47669153	5721988.991	2451.991349	0.08489871
1141.5	128.1100796	2.27331788	55.18452837	5305358.893	2396.863098	0.08595528
1141.650024	131.429406	2.23051438	53.97321026	5426231.697	2415.926947	0.09211099
1141.8	128.4224087	2.26719606	53.43862334	5471946.148	2409.502056	0.09412123
1141.950073	137.3676413	2.25845826	50.81774651	5093701.823	2326.483523	0.09258909
1142.1	125.4701451	2.19442518	53.13133917	5297762.47	2278.30527	0.09178105
1142.25	123.805022	2.18292864	59.04978502	5028849.785	2215.78993	0.09346262
1142.4	129.5596916	2.23712825	53.29237498	5409458.821	2318.168358	0.09538999
1142.550049	129.9156467	2.3564056	56.51633872	5486456.759	2380.421092	0.09346366
1142.7	130.5285661	2.17161704	59.03807823	5647572.398	2473.286624	0.10268903
1142.850098	121.6160786	2.15638993	56.05468128	5469779.102	2442.365584	0.1078209
1143	128.0102007	2.27069017	60.31369566	5294312.796	2517.465746	0.11820507
1143.150024	123.1016004	2.26464558	64.52657417	5675102.477	2427.047587	0.12884824
1143.3	122.4451153	2.27390998	65.02186949	5253912.662	2470.731601	0.13135456
1143.450073	127.2001941	2.27636658	70.21485966	5519001.759	2554.773195	0.13582688
1143.6	127.0136957	2.23907257	62.55264802	5683896.816	2476.802024	0.13400527
1143.75	118.7525235	2.35472418	72.29322974	5509162.375	2430.018239	0.16268798
1143.9	131.8108766	2.13379328	71.92673039	5768978.027	2378.493395	0.16851248
1144.050049	132.0920088	2.18428719	72.575089	5576680.337	2363.207695	0.16010443
1144.2	124.5188336	2.23174078	69.32160644	5261395.368	2334.983877	0.1519732
1144.350098	129.2132857	2.12031116	65.867575	5346002.639	2348.409096	0.13419409
1144.5	129.5708649	2.22390099	66.74575421	5336057.894	2446.113003	0.13316418
1144.650024	128.1543341	2.35591669	62.86599625	5106115.686	2381.771294	0.14038293
1144.8	124.5785542	2.24191069	69.81689262	5227604.752	2302.385834	0.15207604
1144.950073	123.4473577	2.26036934	72.08092599	5326882.045	2547.434929	0.16502072
1145.1	126.1717151	2.15492029	73.12585659	5076375.935	2437.663728	0.16216269
1145.25	131.6777662	2.19677089	75.48697539	5389430.002	2297.166379	0.17370637
1145.4	130.0867963	2.20803724	75.85265998	5285082.997	2350.82747	0.18827523
1145.550049	127.0717203	2.20792259	78.13318264	5007907.97	2378.659843	0.20511121
1145.7	132.0474	2.31877152	75.31041273	5337363.76	2492.149169	0.19769842
1145.850098	117.1477687	2.26833053	69.7991507	5394237.13	2283.662782	0.16951918
1146	133.0236829	2.15352745	68.58735073	5338871.783	2448.164923	0.14179382
1146.150024	120.6211067	2.25255144	73.22341068	5279495.822	2490.697651	0.15785265
1146.3	125.851708	2.2726301	76.23049886	5454575.174	2346.73886	0.19465922
1146.450073	122.466498	2.31945279	76.82968827	5485370.078	2378.385283	0.19038579
1146.6	121.530682	2.35174957	67.66000561	5435651.969	2325.850708	0.15520874
1146.75	131.067133	2.17191375	69.08452848	5275825.508	2397.762248	0.14720961
1146.9	124.3600085	2.18656235	70.72298338	5461862.324	2411.082514	0.15849596
1147.050049	127.8864335	2.15395684	74.00699223	5603807.013	2459.363704	0.16555108
1147.2	126.353992	2.22556966	67.19834442	5300815.981	2490.059505	0.15181746
1147.350098	128.6250519	2.27417789	65.89369396	5742622.725	2350.294334	0.14730043
1147.5	127.0575752	2.310475	66.60403573	5301605.101	2257.881884	0.13878843
1147.650024	121.2744848	2.23688003	76.53779449	5407044.932	2407.46553	0.19348804
1147.8	130.227242	2.22184724	79.79856249	5310674.404	2438.074808	0.2175206
1147.950073	123.9605278	2.2560448	75.36150071	5469676.04	2438.058386	0.20084683
1148.1	119.5884317	2.18669473	75.27498587	5143585.567	2395.484037	0.18374354
1148.25	124.3583136	2.39172996	75.2879683	5334088.86	2426.263382	0.17878512
1148.4	132.7302823	2.12859649	72.59033608	5215754.307	2520.98203	0.18318164
1148.550049	131.1833224	2.24835982	75.22359132	5357858.09	2415.306828	0.17762538
1148.7	127.0870708	2.37320143	72.13259109	5456366.066	2343.849185	0.15737374
1148.850098	127.2026203	2.2305029	71.13464088	5391815.205	2332.192816	0.15783212
1149	126.684242	2.2202725	76.99557236	4923744.825	2368.56321	0.20537821
1149.150024	135.7765916	2.21263265	81.0746417	5699134.172	2516.996908	0.21429804
1149.3	128.55419	2.22676921	75.00997972	5424275.608	2386.460578	0.19638744
1149.450073	128.8855292	2.33536165	70.27783518	5238162.233	2396.1403	0.16446652
1149.6	131.6915635	2.08092664	62.26901127	5374124.25	2354.994529	0.13851421
1149.75	128.6810186	2.34333331	69.85060221	5364638.488	2468.873197	0.14517056
1149.9	126.1299897	2.13808431	67.37126383	5252958.419	2542.856795	0.16176646
1150.050049	125.5564212	2.224387	73.41006054	5443912.711	2445.856354	0.15390261
1150.2	125.3269255	2.21719123	69.36320563	5351880.892	2432.568021	0.15749304
1150.350098	124.7880526	2.29276205	69.08679054	5424891.271	2442.322763	0.15705415
1150.5	127.8029871	2.1394616	68.45432805	5384550.405	2263.659719	0.15586367
1150.650024	125.9720697	2.27917166	70.37080776	5206499.111	2479.391635	0.15722666
1150.8	130.3274367	2.38009076	73.90907081	5380650.274	2403.868095	0.17113982
1150.950073	128.2026535	2.13461226	63.84466707	5387159.055	2403.40171	0.1523237
1151.1	129.3752882	2.24096886	66.90832658	5346989.732	2308.660656	0.13731777
1151.25	120.4397678	2.18353017	61.13212755	5421821.859	2341.17555	0.11307877
