Depth(m)	Sonic	Density	Gamma_Ray	P_Impedance	Vp	Vc
946.5	136.5733622	2.12602725	55.49176893	4932074.421	2186.522443	0.08632309
946.6500244	133.6642307	2.14397824	52.93763351	4944565.01	2331.447866	0.08629189
946.8	136.6143513	2.19714776	51.09941126	5134343.009	2342.958142	0.08337117
946.9500122	140.0072905	2.21751328	51.20578712	5075355.325	2167.999944	0.07642815
947.1	132.2271411	2.31191617	52.93824284	5134294.537	2404.23302	0.07867713
947.250061	131.7901828	2.13638054	52.45283814	5220881.524	2337.609797	0.08213908
947.4	139.1173695	2.27640915	50.99221423	5024562.455	2402.382063	0.07849212
947.5500488	135.2996854	2.19510079	50.64408533	5000971.76	2209.565531	0.07816171
947.7	129.7756752	2.20860424	50.29582919	4942789.469	2213.943087	0.08058252
947.8500366	133.9204323	2.2597449	47.48810972	4989449.153	2304.352599	0.06928655
948	130.0609814	2.13215014	50.01771391	5580464.314	2345.809096	0.06155883
948.1500244	130.7322764	2.23332685	46.81770352	5270003.626	2428.376512	0.06546014
948.3	135.0528624	2.21038509	49.76378184	4781750.907	2325.473082	0.06583729
948.4500122	127.7396267	2.22331484	50.76237902	4701490.205	2227.663856	0.06607827
948.6	129.0085259	2.20635361	49.8986158	4969205.292	2162.536942	0.06831042
948.750061	133.380066	2.36056241	47.41670147	5003985.815	2335.384547	0.06980247
948.9	129.6095695	2.15544464	47.80994049	5098473.604	2206.795308	0.06523061
949.0500488	132.8565667	2.17615359	45.25722614	5087272.517	2436.024217	0.060388
949.2	127.165318	2.17306463	42.5406806	5138555.951	2306.589675	0.06084121
949.3500366	125.0245186	2.17796189	43.77088538	5213316.664	2444.004552	0.0524094
949.5	137.0349441	2.1724093	40.84094798	5175898.019	2378.013244	0.0528658
949.6500244	129.8983311	2.30036999	44.6779929	4807028.203	2319.509174	0.05043664
949.8	130.7715937	2.31857375	41.89870387	5146894.854	2297.915468	0.04933923
949.9500122	124.2665467	2.18093512	42.99820533	5060411.32	2315.623323	0.05007722
950.1	127.6891288	2.16415893	43.41202326	5240068.757	2376.479307	0.05118024
950.250061	130.1913071	2.25667519	43.4669166	5706606.607	2355.181834	0.05632699
950.4	125.0032454	2.18461924	45.31889611	5279117.974	2304.530932	0.06329591
950.5500488	132.2853634	2.26224824	43.56564985	5121432.358	2319.725113	0.05464412
950.7	128.6868254	2.22936711	45.61600595	5295041.235	2328.90614	0.05497432
950.8500366	130.2654198	2.10763336	41.01532042	5209131.385	2162.718734	0.05320755
951	129.1516533	2.32058761	42.31410599	5189422.999	2348.332568	0.05124077
951.1500244	138.6085086	2.34260801	44.55204637	5262196.658	2257.719166	0.04873555
951.3	129.4760418	2.18197055	39.69800177	5567036.307	2268.893963	0.05161614
951.4500122	123.9594739	2.20436344	40.23073734	5115182.982	2250.931929	0.04114294
951.6	130.7904763	2.25740523	42.22770267	5431586.861	2262.47483	0.04133556
951.750061	120.7830938	2.26923984	41.94657053	5288056.14	2322.19083	0.04743456
951.9	125.4484296	2.29947884	42.22904845	5603292.164	2394.970593	0.05193145
952.0500488	116.464858	2.39341184	42.41389051	5360144.096	2587.549508	0.04429118
952.2	119.2058193	2.23996768	41.73071035	5435146.96	2404.640177	0.03764689
952.3500366	125.9482432	2.1944863	40.47257619	5433950.526	2448.952536	0.04223248
952.5	128.6635089	2.15133461	38.72558546	5613249.367	2456.49588	0.03975596
952.6500244	126.290673	2.19663397	36.15157479	5603990.566	2436.827927	0.03214285
952.8	125.0898994	2.2453846	36.77501396	5254685.49	2421.603858	0.0302215
952.9500122	124.6676439	2.37104581	38.78756205	5444375.71	2333.182051	0.03023066
953.1	121.1449033	2.20134467	35.43107786	5241509.332	2499.670443	0.03328013
953.250061	125.5023467	2.24635652	34.32243254	5087533.645	2503.651417	0.03190061
953.4	130.1930465	2.20872262	40.26289055	5063121.511	2184.15388	0.04147344
953.5500488	141.3106612	2.26536155	39.5366929	4809476.849	2151.880661	0.0354914
953.7	140.5030651	2.34628276	37.86124146	5147264.034	2171.353536	0.0458514
953.8500366	134.5322584	2.11623114	43.04947543	4694886.567	2077.43694	0.04565583
954	143.3475539	2.11870658	40.7658302	4399075.221	2183.538392	0.04811039
954.1500244	140.0125447	2.22790973	41.24838871	4546707.329	2099.015181	0.04660713
954.3	138.9569496	2.20169998	41.40331027	4795368.39	2307.721389	0.04886534
954.4500122	144.3968212	2.2828192	40.3370999	4965460.815	2235.851428	0.03907931
954.6	143.1860242	2.21169472	41.02162496	4508755.823	2210.338474	0.04398732
954.750061	147.5193306	2.11832325	39.13081557	4245406.972	2197.194384	0.04543487
954.9	137.9700319	2.19705578	40.69736912	4946299.554	2235.082166	0.04909948
955.0500488	132.7812912	2.27601657	39.42137136	5061096.578	2232.236669	0.04249909
955.2	127.8914795	2.29960254	41.07010936	5262362.166	2349.795037	0.04477473
955.3500366	129.0674809	2.28651902	41.07988229	5575960.155	2444.389353	0.03934788
955.5	123.6347858	2.32184115	38.60516876	5026552.405	2488.885586	0.03792338
955.6500244	125.496624	2.3253722	41.94344633	5416362.158	2423.961636	0.04705935
955.8	122.2783004	2.33654238	39.2645675	5432768.44	2286.622711	0.04465834
955.9500122	122.5359825	2.28162176	40.70646951	5493531.512	2331.212913	0.04589601
956.1	131.5748106	2.22098279	39.17678943	5145608.849	2372.595253	0.03655963
956.250061	134.4837756	2.23926877	40.4607917	5288346.054	2360.771485	0.03891943
956.4	129.1414617	2.30967209	36.12075586	5090761.226	2498.707925	0.04034297
956.5500488	134.2756738	2.16460353	35.6731204	5247111.747	2242.046546	0.03564917
956.7	132.2232755	2.24375716	36.21792947	5027600.981	2368.788509	0.03524519
956.8500366	128.6450847	2.1868782	36.08062342	5072807.502	2429.322537	0.03532335
957	133.4904886	2.21272684	38.17106491	4944853.692	2475.28391	0.03154652
957.1500244	139.047178	2.29639834	34.18074212	5177933.999	2268.91844	0.03980671
957.3	133.0957948	2.21672923	34.35325604	5178771.675	2323.37055	0.03234773
957.4500122	140.4264811	2.20293426	33.00047672	4970100.379	2318.263117	0.0322163
957.6	123.5522273	2.10104309	35.29392339	4982298.931	2280.216204	0.0238807
957.750061	138.5866391	2.2445452	35.66388818	4710771.841	2248.100099	0.02287664
957.9	136.145302	2.2338664	31.91330723	4864961.383	2276.61677	0.02851283
958.0500488	135.1366739	2.33639231	30.70677918	4875495.535	2049.935943	0.02098448
958.2	137.8508769	2.15750724	29.57578772	5254426.867	2267.051908	0.02269984
958.3500366	130.5905641	2.18602832	30.55101206	4583677.172	2203.484822	0.01659523
958.5	138.9556723	2.18251146	26.91852168	4954253.077	2162.855011	0.01122913
958.6500244	142.0210448	2.27152791	28.84365471	4848752.485	2318.403396	0.018946
958.8	146.6213978	2.15521323	30.06053007	4737339.531	2121.092037	0.01476311
958.9500122	137.8175681	2.18395369	29.3759335	4996649.619	2147.935072	0.01860949
959.1	135.9300828	2.21081936	29.15684046	4804139.562	2333.26324	0.01733947
959.250061	137.5786331	2.17923634	30.88127274	4789798.554	2121.416478	0.01373972
959.4	143.8065473	2.13333016	25.73194314	4704690.311	2137.350929	0.02067254
959.5500488	141.1088271	2.17950269	32.71717792	4922069.863	2170.574095	0.02954602
959.7	136.3991158	2.2473887	30.51752601	4953772.45	2260.254517	0.02473848
959.8500366	141.3954164	2.09700137	28.57449935	4646136.406	2204.07584	0.02318463
960	140.256836	2.17450885	32.44201008	4506096.861	2085.103583	0.02638242
960.1500244	144.3749667	2.11362644	34.07692887	4664600.043	2133.300953	0.02442157
960.3	137.8561915	2.24327028	32.6446688	4546509.259	2120.529824	0.0268737
960.4500122	139.8617481	2.05081338	35.57492669	4645351.276	2152.502663	0.02587154
960.6	139.4134298	2.11925663	37.50410965	4863550.284	2191.962102	0.03164131
960.750061	132.5823062	2.1982037	37.52151688	4698724.932	2227.98021	0.03514932
960.9	139.8605387	2.28174448	38.05832117	4769673.837	2069.139033	0.02986682
961.0500488	140.301635	2.16431539	36.45014724	4758206.991	2267.176303	0.03593896
961.2	139.6499666	2.12771129	34.27457496	4866254.159	2201.367763	0.02905026
961.3500366	138.4272915	2.29922761	31.50443185	4376979.503	2287.44727	0.02680329
961.5	132.7879002	2.0706563	33.72652864	4674421.59	2229.819349	0.03208395
961.6500244	136.5798226	2.02033162	32.46951821	4823899.978	2283.667928	0.02781068
961.8	136.2920373	2.20824137	37.75004257	5012696.01	2247.14846	0.03148853
961.9500122	134.3749467	2.14239426	34.46193219	4739348.219	2311.276108	0.02994086
962.1	137.7821844	2.10195213	35.25419451	4481444.934	2239.532887	0.03132318
962.250061	140.4197894	2.22119684	37.74852731	4871446.927	2189.936542	0.03734252
962.4	147.5152158	2.183553	41.02290831	4627009.256	2348.910503	0.04770019
962.5500488	141.0770514	2.12295995	43.84941135	4504150.028	2236.667875	0.04152223
962.7	141.8845657	2.07030223	40.30502655	4574376.726	2206.553959	0.0447801
962.8500366	139.9274735	2.22398476	41.94990189	4671418.212	2080.260119	0.05139705
963	131.9141614	2.21009715	40.69811296	4617120.688	2083.985433	0.04923629
963.1500244	139.3164601	2.16074113	41.38324931	4382722.575	2207.448662	0.05285824
963.3	139.5427545	2.29745149	42.73969328	4889809.596	2198.845879	0.0510512
963.4500122	150.7706596	2.08690911	43.68883554	4896480.119	2125.118261	0.05183824
963.6	141.1623379	2.04639102	41.51391728	4727522.146	2157.263099	0.04475158
963.750061	143.0224219	2.10584172	40.55668063	4448092.179	2266.075691	0.04868981
963.9	140.9905785	2.15461516	39.08263732	4627507.622	2210.385339	0.04645686
964.0500488	135.174261	2.18102368	40.73260521	4708181.986	2092.853192	0.04392604
964.2	143.534344	2.15474617	38.26502793	4867042.304	2188.579692	0.04613036
964.3500366	141.5329194	2.19827716	42.00535923	4895450.097	2143.758446	0.04735044
964.5	141.3999461	2.08794428	41.29505022	4683131.735	2178.954029	0.05336601
964.6500244	133.253165	2.28221783	39.25422602	4864273.136	2193.675673	0.04459863
964.8	142.9494865	2.17546955	41.64255844	4923761.991	2188.649117	0.05353214
964.9500122	131.5175341	2.25753926	41.4025495	5070385.596	2126.983707	0.05441352
965.1	139.9072011	2.20304432	43.66369779	4945883.184	2208.191064	0.05089099
965.250061	146.6174485	2.21100801	45.84240382	4959505.252	2176.576674	0.0551026
965.4	134.5668531	2.21161648	41.06164592	4785799.984	1983.51682	0.05480297
965.5500488	137.7025505	2.19525271	44.53995994	4936519.08	2325.899225	0.05718955
965.7	138.9442868	2.21778348	44.08554852	4847101.799	2279.77154	0.06092509
965.8500366	135.3644872	2.27185282	45.45810389	4692273.807	2189.725637	0.05837307
966	130.0262559	2.19825124	43.2797991	5103958.402	2234.1077	0.05391947
966.1500244	136.1993392	2.23750416	40.01655944	5019426.894	2157.087933	0.04652088
966.3	131.698634	2.18033066	40.05488134	4823874.916	2362.59988	0.04166966
966.4500122	138.1461114	2.287113	38.97220225	4817024.587	2376.97434	0.04446031
966.6	132.0409424	2.14085522	41.76851594	4955846.642	2254.460072	0.04764902
966.750061	142.1540434	2.31518272	39.88519514	4993488.221	2321.370098	0.03954834
966.9	132.2112148	2.18758439	42.98972339	4959431.63	2262.43604	0.04088083
967.0500488	135.0996139	2.08489748	40.03795163	4930831.784	2136.240912	0.04499892
967.2	140.8686926	2.18792995	39.28010089	5105803.204	2187.226435	0.04271685
967.3500366	130.1923528	2.1436457	38.21962665	5107722.049	2261.691204	0.04400127
967.5	133.3727363	2.2668326	38.85132405	5113254.828	2268.56234	0.04814423
967.6500244	137.2026607	2.16649478	40.983277	5270172.596	2297.798056	0.05058822
967.8	124.3652181	2.18463074	45.09114659	4985337.169	2318.437829	0.05481423
967.9500122	130.5073112	2.09162827	45.49013448	5288467.151	2343.505684	0.05954927
968.1	130.1136239	2.19614087	41.81760093	5554644.574	2366.128654	0.05321084
968.250061	131.822687	2.06113799	45.31655578	5253349.797	2293.606775	0.05063664
968.4	123.0778207	2.12158149	42.65224831	5168199.903	2324.196993	0.05222635
968.5500488	122.5485777	2.28637596	43.69264348	5209620.364	2286.103922	0.05607132
968.7	130.2163478	2.2884095	46.65980248	5141338.953	2452.03162	0.05506076
968.8500366	129.5977523	2.26134326	47.16381785	5172690.34	2220.951731	0.05938941
969	129.8527923	2.16143174	46.79696367	5214828.314	2450.590443	0.06569043
969.1500244	130.6570568	2.22335667	47.07823965	5025903.661	2460.205183	0.06485461
969.3	126.5657477	2.22524831	44.99634706	5244218.233	2333.230247	0.07117827
969.4500122	130.4035822	2.14446148	47.27335198	5386220.205	2164.877757	0.07057398
969.6	130.807564	2.3295731	47.59585164	5086020.74	2325.811148	0.06666242
969.750061	126.9718169	2.28363544	45.38766952	5457323.91	2340.641627	0.06769981
969.9	138.1806503	2.20454246	46.18033404	5272510.477	2264.115001	0.05972906
970.0500488	132.7858509	2.21939736	46.18036862	5333635.927	2292.605475	0.06502743
970.2	126.2144032	2.22978855	44.83286235	5040225.776	2434.896041	0.05967465
970.3500366	133.6647041	2.07422631	42.03804474	5299198.99	2376.722372	0.05206711
970.5	126.5619179	2.20119009	43.12852494	4999710.344	2265.633388	0.05220293
970.6500244	134.2225716	2.16915354	43.57984336	5304329.483	2211.3433	0.05195627
970.8	135.3878156	2.14906416	41.14591078	5209031.095	2311.052389	0.05598308
970.9500122	126.3874602	2.20353108	46.38008579	5308942.211	2332.257485	0.05273378
971.1	133.1188208	2.35297659	43.88718652	5069504.134	2397.400631	0.05362053
971.250061	129.8321109	2.27783414	44.06139123	5168651.828	2340.217376	0.05863934
971.4	130.7314336	2.19789489	44.61468037	5454804.536	2431.840088	0.05230935
971.5500488	134.1494185	2.28400418	43.53492153	5266139.647	2556.241974	0.05567023
971.7	124.7294643	2.3443652	44.42405851	5519935.625	2483.272561	0.05705585
971.8500366	122.7828011	2.31021783	43.32369701	5214338.949	2416.75535	0.05112355
972	122.7482052	2.24666424	40.67632234	5541436.692	2396.683749	0.05086379
972.1500244	123.8569652	2.19272211	41.38990538	5160665.755	2368.86243	0.04318486
972.3	127.4151252	2.28394899	38.01867043	5422550.915	2472.322003	0.04614515
972.4500122	129.9506314	2.25817064	40.02928104	5391168.217	2325.765419	0.04442181
972.6	130.0771703	2.29094049	39.795445	5156064.039	2367.565716	0.04519498
972.750061	133.1461189	2.26831413	40.30607019	5320872.899	2354.042929	0.04422371
972.9	130.3890121	2.29349643	41.58432659	5234124.857	2301.969147	0.04455936
973.0500488	136.4195417	2.18273748	38.84273028	5104907.573	2238.353033	0.05110413
973.2	128.6033241	2.31584902	42.30450866	5062817.495	2373.417617	0.04748161
973.3500366	140.9001296	2.23871639	44.59251491	4919190.919	2348.880132	0.05603614
973.5	131.6766757	2.37258017	44.91399501	5317362.994	2398.228364	0.06022035
973.6500244	124.1368955	2.18710027	42.95284479	5081664.109	2347.456444	0.05810543
973.8	123.7710955	2.35349376	46.04101827	5320409.421	2465.697603	0.06097818
973.9500122	129.4742217	2.25063693	40.95105462	5306631.542	2327.414376	0.05380493
974.1	126.259856	2.19281904	43.55101113	5473368.517	2521.301079	0.04783652
974.250061	130.1599087	2.20468158	42.65587659	5316329.129	2269.162853	0.0497604
974.4	130.1463818	2.21037911	41.83238822	5256687.562	2409.898652	0.05226878
974.5500488	130.6337937	2.24631962	47.43023687	5278119.433	2362.504867	0.05264324
974.7	129.1350935	2.24314762	44.24326718	5123324.4	2239.213411	0.05968884
974.8500366	127.4958497	2.15991876	48.29053644	5061399.096	2308.422921	0.0625044
975	133.185218	2.19122488	48.42469824	5024911.645	2350.286537	0.05833879
975.1500244	140.0822045	2.33424855	44.89250354	4630304.464	2071.159544	0.06181249
975.3	138.9398263	2.29634136	46.36983981	4925939.533	2244.684622	0.05512986
975.4500122	133.811161	2.20046352	42.55695862	4856381.363	2010.418147	0.04788417
975.6	139.8428585	2.17208919	43.3267634	4589011.208	2120.446952	0.05339996
975.750061	138.9543204	2.18810222	43.27970508	4798002.621	2338.209435	0.05427906
975.9	130.9194509	2.2383131	42.13109719	4964571.624	2221.719149	0.05147047
976.0500488	133.5354697	2.13395436	42.64515489	5036610.685	2207.899581	0.04695422
976.2	132.5749152	2.19068853	41.7483088	5141136.715	2288.860365	0.04713231
976.3500366	128.0149046	2.08939058	37.262385	5294211.737	2446.185981	0.04659488
976.5	136.2657506	2.22243531	42.30428829	5137891.384	2127.937081	0.04554321
976.6500244	139.775251	2.22441599	37.97097483	4621412.1	2141.132988	0.04390254
976.8	143.8462156	2.13457144	44.15038953	4844373.294	2297.161004	0.0518746
976.9500122	144.2585305	2.27518573	46.0069997	4933564.734	2315.104518	0.05943307
977.1	133.9190989	2.08055255	42.84832232	4789229.225	2174.528742	0.05587974
977.250061	135.8911658	2.06314125	43.97141691	4896803.406	2089.566453	0.06348498
977.4	142.1520809	2.1800912	42.47088454	5037111.462	2330.189051	0.05502338
977.5500488	142.2166014	2.23714495	43.39506843	4874286.287	2292.496809	0.05497737
977.7	142.1243924	2.28219669	43.24129645	4753805.949	2227.184068	0.05298774
977.8500366	155.9948135	2.1330793	45.24423242	4886728.367	2119.792279	0.05612646
978	142.4862984	2.23918025	46.51413818	4731045.767	2172.04702	0.05174852
978.1500244	145.4296991	2.15774963	47.21680352	4684775.058	2154.943422	0.05681152
978.3	144.7871469	2.14770949	45.31059401	4618835.372	2188.991168	0.05933668
978.4500122	143.725532	2.22028642	46.10448031	4918450.219	2267.614801	0.06345859
978.6	139.6372654	2.20437688	43.7491773	4536031.063	2226.566183	0.06613126
978.750061	142.9376194	2.05560032	45.41914502	4970467.708	2102.201562	0.06583959
978.9	134.7792003	2.27903769	48.34340526	4886087.124	2308.975905	0.05732195
979.0500488	136.4216016	2.27573833	49.48310038	4608182.604	2240.996964	0.06998462
979.2	135.6771945	2.1338754	45.13163444	4879150.239	2263.536517	0.06617555
979.3500366	139.7709201	2.1953326	46.89171427	4399755.727	2293.128836	0.06538642
979.5	149.180104	2.20176265	48.90530578	4836443.897	2103.87698	0.07153367
979.6500244	132.6952688	2.17960183	49.93707245	4831514.596	2166.654709	0.07332777
979.8	143.0423737	2.12489453	48.2367022	4608563.758	2135.695851	0.07127935
979.9500122	133.0099346	2.1188674	50.81431446	4743355.115	2066.464288	0.07553385
980.1	137.3544277	2.16645598	48.6579491	5058695.528	2212.933539	0.07100286
980.250061	143.3866618	2.25308207	49.09946178	4685110.212	2378.836412	0.07052427
980.4	139.1169353	2.20895833	49.60086171	4594849.589	2060.88206	0.06833127
980.5500488	133.5319904	2.14976543	46.76060606	5043049.058	2205.669111	0.05997233
980.7	135.7489602	2.22555431	46.02933005	5087593.149	2243.640292	0.06442781
980.8500366	141.8395092	1.97113912	46.60110067	4759461.056	2201.857417	0.06576918
981	135.576178	2.25249979	47.9004711	4939195.676	2190.366759	0.06959977
981.1500244	138.7228535	2.05545585	47.43534309	5031232.022	2116.785517	0.07046078
981.3	138.0086277	2.15167376	47.61837207	4694800.906	2228.591126	0.06905988
981.4500122	137.0536531	2.08744487	49.12778898	4644066.98	2125.325383	0.06169066
981.6	148.9735722	2.07388778	46.79998822	4910645.449	2017.232188	0.06365833
981.750061	142.8347067	2.24446303	44.79519371	4975795.321	2261.523083	0.0556471
981.9	130.701492	2.13647431	45.8439871	4841395.847	2260.013373	0.05515079
982.0500488	138.9590966	2.1991017	43.00395445	4655486.012	2209.620923	0.05159161
982.2	133.9304203	2.18019192	44.84965794	5189215.812	2246.43269	0.0554878
982.3500366	138.4964748	2.2269703	42.93231109	4869642.043	2337.382325	0.05340201
982.5	130.7628004	2.20389832	41.81357946	4943816.54	2289.671011	0.05117337
982.6500244	133.0345106	2.11217445	42.6893826	5081765.262	2348.894375	0.05270783
982.8	134.5554882	2.27764574	39.1060503	5332399.738	2279.670159	0.04649409
982.9500122	135.1201936	2.17895397	39.78919866	5268409.134	2413.686312	0.04981816
983.1	125.3571654	2.11117025	39.43816907	5256666.017	2361.207785	0.04780608
983.250061	128.9580099	2.19013747	41.58606353	5265649.463	2352.347912	0.05038206
983.4	129.4821235	2.31847976	44.21116375	5139124.987	2225.693917	0.04766642
983.5500488	130.0159625	2.26562638	45.26079171	5155663.222	2316.986454	0.04753909
983.7	141.7982772	2.17231161	43.14551117	4573052.332	2206.936207	0.05161168
983.8500366	141.4578182	2.1413338	43.72575214	4675217.605	2134.230517	0.05487276
984	136.765064	2.13007914	41.23237128	4658018.352	2086.335724	0.05435196
984.1500244	146.0434174	2.29669087	44.37320237	4426009.014	2065.583483	0.05926453
984.3	150.898002	2.17936531	44.65252778	4682447.06	2301.315228	0.05854722
984.4500122	145.6493715	2.18672463	45.46229897	4618223.712	2253.849274	0.056143
984.6	134.2590455	2.23278019	46.38691871	4967086.65	2307.790713	0.06431391
984.750061	138.3842822	2.17866287	45.88476371	4947067.341	2081.50697	0.06546615
984.9	145.7403184	2.14374216	42.90018321	4616725.512	2175.531688	0.06294134
985.0500488	137.5076183	2.14796212	47.08513719	4666240.789	2075.452262	0.05571255
985.2	142.3545747	2.15647762	44.07841738	4677244.297	2118.643365	0.06022506
985.3500366	143.7677358	2.15873949	47.92644219	4615026.609	2101.965366	0.06023029
985.5	136.6770612	2.21202544	52.76531104	4718103.487	2259.030927	0.07624982
985.6500244	140.3353627	2.16461917	48.23168133	4562834.525	2139.164842	0.07068554
985.8	127.0513734	2.2119855	45.57050707	4501376.442	2245.642641	0.07729168
985.9500122	136.3561216	2.15501078	47.19387672	4783066.064	2211.301556	0.06959308
986.1	139.6148274	2.1659938	46.50364397	4782869.241	2334.918415	0.05512836
986.250061	135.4796394	2.0207068	46.8447489	4550062.835	2058.298588	0.05127842
986.4	147.5576735	2.22417873	41.41945901	4823178.779	2257.815442	0.05499361
986.5500488	134.2038806	2.18751083	44.27027446	4601605.291	2257.931804	0.05162147
986.7	136.7455404	2.24226543	42.68156255	4819015.1	2128.282256	0.05429393
986.8500366	137.6510143	1.9787362	43.39529818	4981239.23	2296.65574	0.05299443
987	142.5406191	2.33043316	48.34803365	4872196.301	2257.340259	0.05054092
987.1500244	130.2992829	2.17597765	42.30991805	4960971.201	2219.523841	0.05169531
987.3	141.4693991	2.26143259	46.39227864	4789808.185	2171.141752	0.06223555
987.4500122	136.6407631	2.11135754	47.82497339	4841625.009	2178.874257	0.06338499
987.6	132.1020476	2.22907211	49.82765399	4859064.43	2387.381682	0.06654698
987.750061	137.6927818	2.1152947	49.01181438	4793897.865	2245.202923	0.0727289
987.9	136.1427597	2.14787072	49.35873039	4907951.129	2309.706543	0.07407691
988.0500488	132.3738137	2.32759276	48.03960915	4707543.061	2201.964073	0.06945878
988.2	135.0752364	2.18115808	48.38724857	4883346.773	2204.479704	0.0668508
988.3500366	133.7564041	2.20633933	46.48323475	4887668.607	2330.612421	0.06637352
988.5	136.3963321	2.24869451	48.07649556	4864978.536	2143.953182	0.06113174
988.6500244	139.5903065	2.21735054	46.43960662	4823576.873	2197.438893	0.06559169
988.8	144.3554486	2.18808763	47.67276285	4809439.314	2215.679843	0.06651957
988.9500122	133.2130726	2.1991678	47.0016739	4864737.571	2210.560267	0.06688183
989.1	146.9870935	2.34347332	48.66869509	4944133.658	2194.62739	0.05873525
989.250061	129.6747072	2.17276549	45.44347278	4708498.216	2240.118223	0.05807838
989.4	136.7580785	2.19347968	42.47242494	4640760.159	2269.029259	0.05735759
989.5500488	139.3328657	2.2558258	47.48454481	4691886.839	2280.545933	0.06011864
989.7	137.0491614	2.26547697	44.00942642	4830156.895	2171.29514	0.06151348
989.8500366	133.0014069	2.27271223	45.49907228	4865110.786	2226.928941	0.06770365
990	134.3553621	2.23656554	46.66812712	4816363.256	2341.221575	0.06548016
990.1500244	132.7898612	2.11421458	50.97891606	4749931.978	2325.550327	0.06889797
990.3	132.2037975	2.3092251	46.10849854	4894565.375	2163.079161	0.07661283
990.4500122	139.7706087	2.1061612	60.36603817	4921300.527	2263.288341	0.09389251
990.6	140.3138972	2.19235966	58.99402615	4863262.365	2051.234382	0.10458051
990.750061	133.273203	2.13380293	57.61866814	4804162.707	2241.766393	0.1018174
990.9	139.9365339	2.18201901	57.15934524	4827472.891	2376.879375	0.09773637
991.0500488	137.1043512	2.21149881	57.72157858	4761864.934	2174.972851	0.09723956
991.2	139.2081452	2.21105145	58.11060819	4906932.259	2183.453516	0.09662315
991.3500366	139.2973466	2.21311556	55.50605557	4733244.237	2286.080518	0.09214797
991.5	133.9251425	2.29217916	52.68166459	4927465.278	2105.818204	0.08400074
991.6500244	135.8515112	2.20644593	48.98483691	4508347.304	2159.378186	0.07594171
991.8	141.1574128	2.15866333	47.95768985	4746412.553	2251.754303	0.07129433
991.9500122	140.075698	2.24604542	48.00017957	4877403.311	2170.076249	0.07208781
992.1	137.1297378	2.26357171	47.92811851	4873130.848	2204.065654	0.06716844
992.250061	137.4379088	2.09627525	50.12156094	5291167.707	2280.000529	0.06553889
992.4	141.6470388	2.22749703	47.25222988	4944319.649	2267.003354	0.06492136
992.5500488	132.8847045	2.24017825	38.08361005	4772012.598	2271.251748	0.05369699
992.7	137.0945686	2.17357089	43.33318804	4946127.922	2236.283703	0.05083892
992.8500366	133.3679805	2.29388401	42.5719673	4704456.666	2298.016862	0.05163009
993	133.0213137	2.18895645	43.1321779	4992434.466	2266.748127	0.05407931
993.1500244	138.417782	2.20877333	44.18198179	4876440.879	2311.100295	0.06170996
993.3	137.5834126	2.18621843	48.42971275	5143247.518	2236.15256	0.06711723
993.4500122	137.6576013	2.19868842	48.61479359	4900581.762	2257.002322	0.06649793
993.6	139.3980146	2.12282034	45.77354565	4986403.463	2203.45454	0.06734891
993.750061	133.6361927	2.10102263	47.51793003	4922252.628	2279.766668	0.06576818
993.9	136.1028274	2.31475923	44.74685795	5320703.699	2228.235897	0.0614677
994.0500488	132.155221	2.14297651	43.87162811	4977723.281	2202.61125	0.06427847
994.2	135.0861493	2.13130691	45.11500717	5311357.189	2298.102548	0.0582069
994.3500366	133.3650968	2.04907457	48.31385292	5137862	2291.689685	0.06743033
994.5	134.3854924	2.15445929	49.82555377	5080695.093	2332.122165	0.06543885
994.6500244	136.2562906	2.10789305	51.10003647	5073207.585	2247.137419	0.07625091
994.8	130.2617738	2.31551749	52.44746021	5081333.728	2309.767111	0.07647205
994.9500122	142.6059938	2.27044032	52.10244318	4698375.606	2317.368801	0.08041957
995.1	129.8411585	2.15068275	50.28245953	4954460.197	2306.237825	0.07907981
995.250061	129.1697806	2.3549442	52.13459035	5125766.146	2210.114711	0.07494985
995.4	139.2951503	2.26498051	52.95923877	4971368.113	2277.923735	0.08139071
995.5500488	137.9612706	2.17256583	53.53531752	4742544.179	2290.251383	0.08086295
995.7	137.4598123	2.01951038	54.85503386	4950978.011	2260.844105	0.08712416
995.8500366	137.6769257	2.35300545	54.49362365	5224483.636	2104.663368	0.08619675
996	135.195904	2.09473828	54.62696172	5140840.161	2265.364619	0.08994258
996.1500244	131.6924512	2.07573511	56.69900245	4919768.173	2411.84752	0.08940506
996.3	135.9633279	2.26095133	55.89679144	5073433.193	2220.735253	0.09426111
996.4500122	133.0123431	2.35882197	55.42902606	4850935.362	2190.569462	0.09827967
996.6	140.1252026	2.28396047	57.43260719	4625371.151	2267.683607	0.10520629
996.750061	135.6294684	2.2254662	57.21982973	4741352.345	2259.952425	0.11051704
996.9	133.0079847	2.22633219	57.33497612	5132152.679	2320.661197	0.10350981
997.0500488	135.2711727	2.24352341	58.11256549	4828212.063	2139.244416	0.10842391
997.2	138.3004227	2.23721213	56.37305897	4835349.529	2285.171672	0.09658385
997.3500366	134.0723717	2.20463629	56.1414166	4833078.284	2277.194053	0.09528729
997.5	132.6439183	2.19424095	53.52291543	5205664.747	2229.415123	0.09595225
997.6500244	136.7775478	2.18452697	57.31924412	5176881.67	2269.894506	0.09607532
997.8	136.4527319	2.13812468	58.07583948	5288836.337	2325.80252	0.0998011
997.9500122	133.1734801	2.17195079	57.81821681	4911608.253	2316.540185	0.1098658
998.1	133.7250031	2.0709335	61.83359646	4965125.214	2162.760845	0.11466817
998.250061	136.3015792	2.18443286	63.48052971	4690598.119	2312.132061	0.12143882
998.4	127.8676499	2.13039262	61.19519354	5244062.013	2271.147771	0.13082562
998.5500488	126.7627418	2.12973123	62.59036535	4882267.832	2303.068432	0.12962628
998.7	128.437068	2.22636821	62.48850034	5168502.169	2324.213586	0.13032027
998.8500366	130.0253883	2.31404378	61.65678802	4983960.022	2317.199805	0.12579759
999	131.1750052	2.28698109	64.31983711	5121679.403	2433.886225	0.12148983
999.1500244	134.6667635	2.12112783	62.62990562	5156665.407	2365.988488	0.12782601
999.3	131.288003	2.16631917	62.51319038	5237613.223	2305.130177	0.12317751
999.4500122	127.2669319	2.29979647	59.68391776	5235523.375	2353.711786	0.12239139
999.6	127.6714477	2.16645005	64.65906868	5244195.536	2398.93702	0.12728919
999.750061	123.2723713	2.22104763	62.559329	5483006.357	2480.938756	0.12975091
999.9	126.7915717	2.27864909	64.70487941	5203759.214	2446.506621	0.13114917
1000.050049	125.5344059	2.17325714	65.06397804	5424717.427	2342.791	0.13329853
1000.2	127.9648419	2.249062	66.85296469	5593045.16	2588.731928	0.13331063
1000.350037	123.0254648	2.14919004	62.44462615	5320752.281	2429.070129	0.129794
1000.5	128.4817353	2.20145678	60.05327942	5297919.971	2506.237146	0.13295714
1000.650024	132.4544394	2.26738139	66.21811593	5391883.855	2407.184673	0.14146694
1000.8	125.3162608	2.13522736	69.20676301	5634742.851	2462.387774	0.14134959
1000.950012	127.1825393	2.27886353	68.29605928	5491152.466	2489.932118	0.14588507
1001.1	128.7868576	2.24445622	66.59624227	5351376.074	2509.913574	0.14335903
1001.250061	124.9975634	2.27989831	65.4380869	5470966.376	2483.324663	0.14325788
1001.4	128.1815834	2.25371364	67.58292347	5183163.292	2459.071436	0.13611062
1001.550049	127.7573244	2.33067393	64.90145239	5445254.531	2363.755612	0.14342308
1001.7	128.4850484	2.24196874	67.33668155	5380633.211	2338.091926	0.14131267
1001.850037	125.4297495	2.19981882	67.38446473	5232664.669	2393.237537	0.13990596
1002	129.1726231	2.23603425	67.56631478	5124890.287	2429.628511	0.13844043
1002.150024	131.2939148	2.26465722	70.20744352	5109563.85	2342.691071	0.13985428
1002.3	135.3005308	2.23001228	66.29833957	5337989.385	2436.365287	0.13860131
1002.450012	133.733586	2.22659592	65.50106998	5423481.289	2455.722711	0.13798547
1002.6	139.2212422	2.17182473	66.73349917	5095741.415	2273.904096	0.14464374
1002.750061	127.4508014	2.17197579	63.92845771	5248691.17	2271.651092	0.14110671
1002.9	134.6950432	2.11809775	65.70271526	4817602.413	2315.672373	0.14351797
1003.050049	132.0429978	2.33696323	65.75143538	5047868.541	2344.285687	0.14001871
1003.2	140.505404	2.12742817	65.17799646	5133649.632	2282.345867	0.13842813
1003.350037	127.9791178	2.16582056	65.19242542	4990899.704	2419.032499	0.136037
1003.5	127.8656418	2.16393887	60.92569582	4985629.783	2350.957394	0.11896627
1003.650024	128.8891801	2.2765634	62.61722729	5028106.92	2322.569623	0.12085196
1003.8	122.5280995	2.1933335	59.80103926	5182105.546	2214.546741	0.10617133
1003.950012	129.2771564	2.30077282	58.78734097	5101509.831	2222.223883	0.10552391
1004.1	128.6066949	2.16474694	57.55319392	4754399.547	2333.403663	0.10539934
1004.250061	132.4406132	2.23111178	58.10628982	4771870.654	2156.718331	0.10502642
1004.4	133.1767152	2.15365893	59.21260941	5019626.857	2387.453784	0.10309354
1004.550049	139.4877764	2.36253967	56.74526878	5197199.808	2303.90575	0.10452341
1004.7	135.4412434	2.13068908	58.78955282	4688924.342	2555.249709	0.11278497
1004.850037	129.1478739	2.23472545	61.98981683	5046563.263	2485.260706	0.1221609
1005	127.8000688	2.25736948	62.50383103	5042423.348	2303.585786	0.13681535
1005.150024	133.3679355	2.24347985	65.27293573	5364603.533	2313.46725	0.14419612
1005.3	125.5239541	2.20314598	67.74006453	5092180.129	2398.540959	0.15361112
1005.450012	138.4128914	2.20874015	71.00480955	5231906.259	2455.503582	0.1536538
1005.6	135.9197654	2.21952876	69.99435239	5180484.485	2207.406029	0.15615652
1005.750061	129.8539211	2.20137869	69.75068117	4770115.579	2181.889062	0.15486952
1005.9	125.1121047	2.27630089	69.81501405	5213874.021	2258.790707	0.14772572
1006.050049	138.1405407	2.36222598	66.57682521	5114438.956	2343.337423	0.14369947
1006.2	132.4233032	2.16641114	66.67383359	5139828.873	2329.682285	0.13745953
1006.350037	138.4923753	2.10730946	64.73896583	5670544.512	2364.444219	0.13557871
1006.5	126.6986531	2.19650322	63.68511294	4697547.648	2197.7927	0.12314244
1006.650024	130.5946061	2.38445999	61.49540439	5325963.911	2120.878658	0.12751751
1006.8	132.8417189	2.14970071	58.0224128	5015671.394	2357.473721	0.11835067
1006.950012	133.3694874	2.318346	61.82824453	5090390.703	2228.290671	0.12149966
1007.1	132.0051245	2.31691165	65.21723653	5000315.427	2129.167965	0.12670979
1007.250061	136.4943853	2.16102386	67.18140942	4939189.485	2287.109849	0.13558416
1007.4	129.4211694	2.23945169	68.98950931	4915690.243	2334.422804	0.14796021
1007.550049	133.2925351	2.31346704	69.4365434	5060843.688	2267.609702	0.14208422
1007.7	134.3916125	2.17321245	67.36581217	4762789.758	2243.096534	0.14879564
1007.850037	136.058475	2.18535697	66.47182284	5127870.614	2264.586091	0.13957261
1008	136.9248446	2.15865218	63.32387312	4937359.744	2248.46825	0.12944159
1008.150024	129.0472508	2.12956457	63.32802114	4832081.619	2180.421009	0.12803223
1008.3	127.0509604	2.15673958	64.60625592	4956223.226	2231.4898	0.1299829
1008.450012	138.4799134	2.11852008	63.96125504	5248853.656	2327.473985	0.11889617
1008.6	134.4575971	2.20674962	60.9831474	4962868.135	2314.057874	0.11515272
1008.750061	130.6619823	2.14642624	58.60653446	5070241.226	2290.398452	0.10882352
1008.9	140.2511484	2.21675333	59.3267729	4896098.821	2206.042898	0.10602765
1009.050049	134.2012724	2.0919182	60.04286353	5138509.996	2266.190236	0.11335753
1009.2	138.6074603	2.22402677	56.66554442	5129133.565	2121.26156	0.10662017
1009.350037	133.864067	2.25962625	55.25796951	5321406.552	2294.785848	0.11056619
1009.5	141.2315444	2.06780875	58.14081533	5044661.317	2402.798341	0.10881012
1009.650024	139.9536691	2.23323326	57.03405316	5180917.942	2190.876572	0.10543993
1009.8	130.4705597	2.29917272	58.81118763	5145735.363	2274.883553	0.11067137
1009.950012	134.5888084	2.13459909	60.29164983	5391241.052	2359.235154	0.11660089
1010.1	133.7388913	2.33295236	62.38962023	5038710.827	2417.496869	0.12514623
1010.250061	137.0895026	2.24356343	67.60464216	5258027.979	2287.565438	0.13847432
1010.4	127.8227338	2.16213473	67.85339999	5080292.448	2261.004928	0.14804007
1010.550049	135.1699184	2.20491552	67.9463225	5078466.875	2160.141474	0.14841609
1010.7	136.019937	2.25194721	68.74884285	5140553.247	2323.811119	0.14585505
1010.850037	123.9102534	2.22013008	66.13611093	5183413.248	2471.024215	0.14556283
1011	126.2876923	2.25263989	70.81280587	5125556.021	2342.737503	0.15228667
1011.150024	122.7061527	2.15067764	69.12487899	5178969.986	2320.863608	0.15534998
1011.3	129.4203481	2.2307833	70.35696843	5435472.919	2358.293648	0.1563351
1011.450012	133.36528	2.12126161	66.73808183	5349681.39	2337.280358	0.14492638
1011.6	136.9135897	2.21070765	62.14778853	5316779.969	2274.004437	0.13280136
1011.750061	131.5706152	2.15169749	65.20070475	5069564.635	2382.1954	0.12932292
1011.9	138.7803168	2.1593526	64.47162191	4962600.767	2326.170805	0.1280933
1012.050049	126.7887904	2.29364678	64.413565	5229343.938	2300.559471	0.1420261
1012.2	126.3215187	2.27842379	65.11379398	5171216.869	2212.817121	0.14265309
1012.350037	133.2070016	2.2447861	68.40851948	5267971.005	2379.335389	0.14516032
1012.5	135.337754	2.12427616	64.37124706	4918122.227	2327.733088	0.13982637
1012.650024	133.7514747	2.1775943	67.0825908	4970612.011	2236.15613	0.1338897
1012.8	125.2375469	2.28445371	62.06266893	4743081.385	2349.667873	0.1321377
1012.950012	133.0298318	2.21239097	64.60427303	4968926.6	2248.486786	0.13122495
1013.1	126.9290234	2.37035069	64.95203077	5245121.149	2245.248248	0.13337419
1013.250061	134.424934	2.24019994	67.54613453	5048710.034	2260.242658	0.14074655
1013.4	132.8990523	2.22762741	65.65142235	5240893.979	2190.959854	0.14048831
1013.550049	127.3426972	2.19316375	65.37974548	5111567.63	2356.261543	0.13856066
1013.7	129.3433623	2.22286976	62.48937472	5183266.282	2184.314209	0.12444446
1013.850037	127.3583534	2.20116878	58.89493646	4930176.847	2223.083345	0.11208044
1014	131.36332	2.26221263	61.77343516	5137714.889	2164.142407	0.11463978
1014.150024	135.2217132	2.28186949	59.70245291	4662126.066	2316.436779	0.10874686
1014.3	126.7885182	2.16191827	60.64101023	5131200.481	2317.289364	0.1205054
1014.450012	132.6143113	2.12620414	59.95917966	4919895.971	2311.69082	0.11748863
1014.6	128.5504768	2.08939331	57.81163274	5363649.245	2254.706974	0.12100872
1014.750061	127.9694265	2.25016954	62.4598223	5267132.828	2236.052959	0.12319163
1014.9	131.1660278	2.13572389	67.23431632	5199901.095	2349.769679	0.12941187
1015.050049	127.7491956	2.05969947	64.81937149	5345715.853	2267.488731	0.11939486
1015.2	129.8060109	2.23701783	64.06969393	4944904.678	2330.044491	0.12997173
1015.350037	127.1491758	2.38379205	64.23979866	5378003.66	2241.64555	0.1323421
1015.5	140.4210468	2.20899586	65.32263902	5244471.721	2318.807643	0.13419746
1015.650024	132.3865624	2.2678007	66.77914315	5053895.245	2400.060795	0.14312298
1015.8	129.3499545	2.21470696	64.73313441	5273331.271	2347.030558	0.13959785
1015.950012	133.2117499	2.20182113	70.21994775	4909408.912	2273.463361	0.1525924
1016.1	131.8851486	2.27274078	71.33141724	4952946.132	2321.67525	0.16041987
1016.250061	131.4692856	2.18803013	71.33601198	4985788.665	2284.650878	0.16297488
1016.4	135.0026394	2.22672122	70.78521743	4996515.642	2302.115302	0.15707095
1016.550049	135.6410989	2.23031524	69.71396025	4909425.566	2277.10036	0.15493064
1016.7	130.2125438	2.16142422	70.20269641	5279457.863	2289.55338	0.15708567
1016.850037	129.6754715	2.2794304	69.62732308	5058331.952	2323.098305	0.1529666
1017	130.19809	2.20213843	67.99555739	5195400.445	2248.019503	0.14705574
1017.150024	120.8956219	2.16629028	67.46752734	5089831.063	2260.97951	0.14906687
1017.3	124.4606125	2.25502057	68.75806209	4873601.461	2228.897898	0.15255524
1017.450012	137.4598964	2.14933902	70.79773208	5161613.111	2196.818167	0.15208075
1017.6	139.3189366	2.21004776	65.6530466	4773226.622	2212.623463	0.14512745
1017.750061	131.8831922	2.20462291	64.70506253	5045624.049	2304.659267	0.13602976
1017.9	135.5572795	2.2798355	64.96759767	4824570.691	2224.065432	0.13421698
1018.050049	134.3132185	2.23789553	60.34418565	5372981.506	2329.037446	0.10978446
1018.2	145.4915858	2.20535151	58.43626528	5220090.919	2301.024146	0.09888183
1018.350037	137.1965312	2.2647949	58.55292407	5095081.14	2156.473326	0.09658164
1018.5	131.0344426	2.31019429	57.8905782	5330854.18	2364.458541	0.10731172
1018.650024	128.3432714	2.24760111	62.16103657	4950166.636	2362.319165	0.11125931
1018.8	126.4342234	2.20463128	57.95495541	5132560.731	2216.491257	0.11401727
1018.950012	134.8203817	2.10752928	60.388976	5035713.5	2305.824393	0.12352945
1019.1	131.6187926	2.12004441	61.87947982	5005147.537	2198.86888	0.12267957
1019.250061	129.6527772	2.16847374	59.33635408	5127419.976	2254.854421	0.12544281
1019.4	133.7188389	2.14245676	61.75958506	5000062.115	2141.900048	0.11694953
1019.550049	132.7126865	2.16725545	65.37991078	4888987.395	2090.055651	0.12335292
1019.7	145.111137	2.17954782	63.83659411	4536321.866	2179.923999	0.12409658
1019.850037	142.5552334	2.2079647	64.23126436	4610116.151	2185.882188	0.12823048
1020	139.6442076	2.16131154	62.44074255	4707295.528	2153.140532	0.13123916
1020.150024	147.1790938	2.19267917	64.34841179	4681963.578	2075.474249	0.13762401
1020.3	136.2595437	2.19236207	65.54661054	4723314.006	2213.059082	0.13975768
1020.450012	129.0906219	2.06851511	65.72530906	5457665.31	2316.668853	0.14178763
1020.6	139.3396549	2.13934284	68.36657201	5299193.351	2289.021583	0.14201354
1020.750061	135.3985376	2.1939134	67.1709995	5142664.974	2302.582806	0.1461105
1020.9	128.8173493	2.11938534	64.41448157	5056397.947	2240.1008	0.13913806
1021.050049	132.3612906	2.24581189	67.14682908	5010504.268	2374.551229	0.13971851
1021.2	130.2979951	2.30620507	67.67278884	4850293.034	2189.417953	0.14360096
1021.350037	127.3018532	2.28943923	68.73299805	5060822.748	2325.815147	0.14064232
1021.5	136.5970406	2.19146793	69.69134711	5108620.716	2382.810241	0.14820816
1021.650024	140.6209163	2.31109877	67.27972161	4871350.175	2333.19696	0.15250769
1021.8	126.690056	2.21785657	68.2110031	5130346.827	2284.86661	0.15472972
1021.950012	134.7417892	2.18476967	67.6892697	5059267.009	2263.783775	0.15610317
1022.1	129.5482764	2.16616496	69.67486765	4782481.79	2380.006501	0.16098322
1022.250061	130.14254	2.18840812	70.92041374	4956180.185	2202.051774	0.15897033
1022.4	129.612189	2.18292024	72.38563104	5032911.504	2236.679756	0.16075845
1022.550049	128.44592	2.22210604	71.1215116	5405858.008	2278.997822	0.1698652
1022.7	132.2640274	2.22141841	70.82178747	5191013.337	2398.370241	0.16329517
1022.850037	128.4128116	2.21141281	71.6003981	4894583.885	2338.744737	0.165811
1023	132.8628084	2.24262745	69.42304086	5196806.577	2243.132026	0.16465835
1023.150024	131.4310916	2.29584385	73.36777095	4873414.102	2292.727045	0.15360558
1023.3	130.6042351	2.27924008	66.03066488	5299914.22	2271.195172	0.15330069
1023.450012	127.6018757	2.11033841	68.35509003	5059851.094	2267.834447	0.14579685
1023.6	128.8254448	2.03657169	71.39188665	5129175.98	2393.938149	0.15109737
1023.750061	134.6889907	2.27858475	68.06122961	5343036.032	2217.229745	0.14605782
1023.9	133.8359589	2.11656376	67.73615983	4910184.631	2431.09285	0.1507304
1024.050049	127.4239333	2.19763689	64.63059787	4904186.9	2378.081886	0.13829761
1024.2	131.7017866	2.13294069	60.46513436	5047543.707	2401.284856	0.11778084
1024.350098	134.3825792	2.08910562	59.64302368	5311909.351	2288.694856	0.10220731
1024.5	124.2535714	2.252829	51.79721828	4899093.399	2311.544146	0.09340548
1024.650024	133.4725316	2.26825796	57.98239072	4689267.85	2218.568125	0.09243135
1024.8	128.2603825	2.17589242	53.72330604	5082282.372	2287.828893	0.10059104
1024.950073	133.187482	2.03647824	56.61027673	5256427.799	2366.308885	0.09824573
1025.1	127.4966555	2.17993693	56.63150924	5366843.874	2426.845372	0.09843101
1025.25	123.0710211	2.24587317	58.66806523	5101960.213	2252.606145	0.10464318
1025.4	123.6975162	2.11587665	55.41327753	5116537.482	2308.817625	0.10193833
1025.550049	130.6473626	2.23235034	59.40745454	5372416.359	2325.554974	0.103886
1025.7	130.7954632	2.22269629	62.98241439	4923805.434	2247.98485	0.10656798
1025.850098	124.6501452	2.27162088	58.45613653	5232252.306	2416.367696	0.11375036
1026	131.1957681	2.23901442	62.06329045	5320856.185	2318.697879	0.11934416
1026.150024	121.6863142	2.16201707	60.65676883	5356332.499	2355.1662	0.12026378
1026.3	128.6121523	2.31212782	62.14573378	5187812.143	2331.837227	0.12093541
1026.450073	124.2054239	2.21525342	60.50913782	5254814.786	2300.185196	0.11562988
1026.6	126.7044609	2.22348138	59.19061576	4838972.148	2354.394155	0.11264763
1026.75	129.7200374	2.15969774	61.05569721	5129549.392	2337.53026	0.11262696
1026.9	126.1693999	2.19251033	63.22979261	5295661.574	2321.633954	0.11462635
1027.050049	128.8983851	2.15738374	59.93473173	5024399.67	2282.321421	0.11677833
1027.2	134.732992	2.20703622	61.29359502	5191668.919	2358.553714	0.11293568
1027.350098	128.2515451	2.33789578	57.03958839	5246715.637	2453.390376	0.10740773
1027.5	134.5524492	2.12015287	56.57049212	5098530.309	2335.941917	0.1017735
1027.650024	126.3493012	2.10315941	58.93015585	5180255.004	2398.077941	0.10049673
1027.8	133.5081727	2.31747251	60.8601438	4986128.962	2220.062167	0.10749854
1027.950073	137.8261413	2.19713572	61.51045004	5081764.873	2324.205253	0.11766073
1028.1	121.5483704	2.1644846	61.23299998	5208655.641	2230.898354	0.1212073
1028.25	128.7266591	2.28285237	61.74882979	5126521.232	2200.202714	0.11921448
1028.4	134.4664171	2.167939	59.47021101	5006988.742	2254.204925	0.12262099
1028.550049	130.934359	2.33939317	56.11412648	5151862.435	2399.889976	0.09143174
1028.7	133.1570486	2.26026292	54.49932808	5240502.785	2385.392343	0.0878738
1028.850098	129.0766441	2.17881414	47.50195294	4794321.216	2333.785049	0.06869156
1029	131.6064474	2.36568916	45.70164989	5331098.109	2210.500899	0.06144659
1029.150024	130.5872674	2.17268206	46.01768669	5090043.947	2308.161275	0.06205376
1029.3	136.7335349	2.26332609	41.68718023	5181084.961	2333.784476	0.05214472
1029.450073	133.4562638	2.22920991	41.57884982	5277314.956	2315.073879	0.0499491
1029.6	133.8390397	2.29904545	45.11758779	4860907.573	2167.060751	0.04906364
1029.75	130.7030892	2.31719413	41.24204914	4967769.607	2236.655622	0.04872726
1029.9	130.7105354	2.20847595	41.85711707	5019021.627	2291.352275	0.0578459
1030.050049	130.6631864	2.15519287	42.61491539	4953366.213	2339.989973	0.05803509
1030.2	133.9186435	2.2411867	46.16531023	5370585.297	2144.093587	0.06046679
1030.350098	128.1776924	2.17513419	45.88473055	5075033.193	2333.882283	0.0625641
1030.5	130.6396984	2.3660742	46.3581912	5151153.231	2365.432733	0.06901307
1030.650024	138.0211415	2.23551897	50.85856736	5278799.309	2418.652586	0.07165773
1030.8	132.2406678	2.20469701	51.9222059	5092085.45	2420.799413	0.07324917
1030.950073	126.8995949	2.24505479	48.99138576	5240527.622	2418.885345	0.07367656
1031.1	132.8322284	2.14071486	46.9675006	5381002.936	2326.466413	0.07453089
1031.25	125.8998048	2.16808871	51.71385956	5287069.838	2249.293615	0.06581046
1031.4	118.7898508	2.32149626	48.55286574	5341836.011	2365.316683	0.07412284
1031.550049	122.4797338	2.19529644	50.40118049	5306263.947	2478.850315	0.07019489
1031.7	118.5314951	2.17003273	45.19700475	5166495.344	2513.899159	0.07395306
1031.850098	123.9009652	2.28636545	49.11050583	5519314.335	2483.048923	0.06688251
1032	124.9502727	2.33456857	43.95441012	5779448.072	2472.222282	0.05818217
1032.150024	131.6204029	2.30348928	46.45682119	5514692.078	2473.82426	0.05923708
1032.3	126.0183181	2.32257833	45.27357127	5545458.822	2404.642659	0.05642509
1032.450073	123.890993	2.19921692	43.85985743	5611765.84	2432.663888	0.0612789
1032.6	128.3680942	2.15226497	45.05814235	5289926.963	2562.241555	0.06166826
1032.75	115.789081	2.35564986	47.15881965	5761237.876	2368.792126	0.06446058
1032.9	126.4659159	2.22565615	46.66567851	5493691.128	2546.950872	0.06097167
1033.050049	129.1837213	2.22791569	47.71512944	5697009.364	2396.341653	0.06411217
1033.2	119.9841654	2.33702356	50.01412082	5303228.982	2512.526702	0.06016367
1033.350098	131.0464269	2.28259971	44.32304632	5709928.45	2311.348899	0.06648818
1033.5	127.8129254	2.27480035	49.72074743	5533893.959	2454.231676	0.06642638
1033.650024	124.9280979	2.39262671	48.24753772	5482736.533	2352.544967	0.06963898
1033.8	130.2335893	2.19109095	48.51570212	5379650.153	2285.663764	0.07459536
1033.950073	137.9103132	2.29610454	48.75305214	5256196.461	2389.615603	0.07899386
1034.1	133.1129034	2.21249959	50.63715893	5279716.094	2376.573765	0.08234975
1034.25	138.4378587	2.19815505	51.83565866	4857304.055	2156.668351	0.07484585
1034.4	135.6789994	2.28502561	47.15615727	4507535.028	2105.670022	0.06635835
1034.550049	134.3688501	2.21184967	46.49260002	4629246.54	2203.195221	0.05255002
1034.7	141.5996937	2.21282066	41.05345436	4770020.204	2200.304859	0.05155391
1034.850098	133.9409794	2.25361554	43.43058199	4878818.65	2256.403484	0.05428234
1035	136.6547615	2.15990278	42.05223221	4875978.865	2304.66164	0.05909801
1035.150024	134.386608	2.12660907	46.82812026	5080425.307	2230.512718	0.06166053
1035.3	138.6791973	2.11059498	50.18785293	4554738.937	2365.564093	0.06968274
1035.450073	138.6003227	2.04314497	50.44883979	4867228.007	2237.878685	0.07734183
1035.6	140.8391077	2.32822479	48.44926824	4584780.003	2207.737302	0.08262108
1035.75	132.3696666	2.11905495	53.07855313	5099289.702	2148.463741	0.08496307
1035.9	133.1711663	2.18183224	53.09895335	4971592.027	2250.365576	0.07857979
1036.050049	129.7829059	2.18041059	51.91767301	5075895.735	2252.143346	0.08247315
1036.2	131.9159799	2.2217882	53.29093282	4873876.499	2348.55678	0.0769797
1036.350098	135.1013946	2.25879204	49.60242306	5232692.249	2316.523583	0.08131507
1036.5	136.5557818	2.26268651	53.24944221	5201138.747	2198.964687	0.07833206
1036.650024	129.0565575	2.16455361	55.72356781	5151332.702	2305.76472	0.08964404
1036.8	137.1751241	2.19004413	52.81274963	5004565.937	2331.542608	0.09709386
1036.950073	139.3226408	2.22082099	56.27788935	5113316.946	2392.124553	0.09628168
1037.1	135.6402672	2.18219433	54.91737168	4892450.633	2340.93608	0.09239036
1037.25	141.9526411	2.31072632	55.61536929	5134963.749	2328.472658	0.0959016
1037.4	131.1398214	2.2311217	56.5086723	5249140.665	2272.62635	0.09256199
1037.550049	129.5161827	2.24617184	57.04536587	5138379.58	2290.747246	0.10266369
1037.7	127.534155	2.23972534	56.73410117	4835346.009	2349.386756	0.10628275
1037.850098	142.6150357	2.26738411	57.90638005	4943444.33	2138.045482	0.10562582
1038	139.1082474	2.19795697	56.03316753	4675652.105	2209.580595	0.10333517
1038.150024	136.7606953	2.09110754	55.15681293	4946535.487	2168.531479	0.09707498
1038.3	137.9836617	2.21072398	58.07195173	4935722.133	2255.548753	0.10164869
1038.450073	131.8258573	2.13891151	55.05330426	4574695.509	2322.202238	0.09988305
1038.6	140.7047106	2.18242978	58.63619109	4997256.202	2292.573231	0.09558052
1038.75	130.7777592	2.261746	58.31394688	5151704.166	2165.854989	0.10439503
1038.9	127.0692075	2.32817197	54.69991463	5347924.195	2377.267494	0.10211758
1039.050049	129.4327197	2.24438613	55.31693673	5213476.823	2478.154658	0.10122271
1039.2	128.8253764	2.26210545	57.36544205	5448000.249	2442.795729	0.09075291
1039.350098	127.8717512	2.35877332	53.68105214	5418975.953	2432.486141	0.08453038
1039.5	123.7575455	2.25592009	54.53445808	5339730.979	2378.33017	0.09428466
1039.650024	129.2053699	2.41990517	57.09497256	5239726.309	2302.239317	0.09825017
1039.8	135.3311011	2.27631902	57.92003209	5518390.586	2429.027021	0.09379394
1039.950073	133.5782201	2.11092427	56.23459584	5588888.987	2321.304183	0.09589609
1040.1	134.7563743	2.2857808	55.66324115	5235881.858	2539.009086	0.10643486
1040.25	126.1330202	2.25876942	58.99897423	5205207.531	2417.847716	0.09779539
1040.4	124.2538867	2.32153787	59.52170771	5376539.221	2331.541904	0.1007212
1040.550049	128.0224684	2.27756145	58.26653617	5230979.424	2326.448216	0.09682145
1040.7	129.0972215	2.21904585	57.24273974	5249063.836	2358.503047	0.09452065
1040.850098	133.5782837	2.14237227	56.06669701	5383415.919	2345.287799	0.10111865
1041	122.4828165	2.2100267	57.0167606	4925272.637	2434.030216	0.10478361
1041.150024	136.1767241	2.16397885	59.77730468	5434761.75	2362.258508	0.10653681
1041.3	129.115693	2.18284205	59.92676589	5233718.805	2295.2399	0.10865612
1041.450073	128.1132859	2.26384971	61.66467149	5149059.743	2484.432923	0.11019475
1041.6	125.7665867	2.33880697	60.4237155	5195607.767	2348.190877	0.10902317
1041.75	122.9995344	2.25015351	56.29163543	5208086.564	2402.116226	0.10352607
1041.9	132.5139729	2.14397028	60.00003832	4980895.462	2317.108739	0.106401
1042.050049	128.8400238	2.26166192	56.50175171	5530860.716	2397.877997	0.09907367
1042.2	123.100112	2.31440201	57.51589023	5298196.711	2394.742412	0.09878863
1042.350098	123.025994	2.18848785	58.5631934	5365876.967	2235.053317	0.10666236
1042.5	127.0011628	2.22193696	61.44574721	5450061.188	2520.837491	0.10600707
1042.650024	135.3896136	2.23232618	63.12257652	5131666.09	2467.938577	0.10376044
1042.8	127.4162823	2.17593351	58.69357444	5367670.67	2342.944203	0.09880848
1042.950073	122.3463055	2.27529176	56.47711875	5240740.452	2289.011736	0.09716394
1043.1	127.697523	2.22099902	55.88732572	5415594.985	2393.189068	0.09163934
1043.25	127.8060369	2.25750041	52.6773185	4923572.619	2370.089047	0.07421954
1043.4	117.8951797	2.16486584	46.88563211	5238328.269	2385.474273	0.06403521
1043.550049	129.1241546	2.19531721	48.47320271	5147702.063	2370.355499	0.0620079
1043.7	128.575677	2.27525008	44.2107688	5304461.861	2389.85928	0.05915297
1043.850098	132.230505	2.20003432	43.81524636	5322731.79	2462.65116	0.05148987
1044	136.6402322	2.34911339	43.78414002	5155094.618	2406.02227	0.05391642
1044.150024	132.8047282	2.20523964	42.78532966	5198993.715	2302.933938	0.04467462
1044.3	125.5760195	2.25687748	42.61096739	5373655.528	2505.128648	0.04950493
1044.450073	121.6985602	2.30848595	39.99293517	5267886.233	2532.520021	0.04478042
1044.6	136.8890418	2.14540665	40.09029817	5560201.395	2646.813914	0.04791718
1044.75	126.369446	2.12148205	39.20754792	5364715.588	2334.693538	0.04638398
1044.9	126.1244751	2.13824085	42.32361598	4958318.211	2435.51071	0.05241422
1045.050049	125.8990565	2.33345975	44.13637552	5370853.493	2267.044316	0.04979085
1045.2	127.0469753	2.20543373	43.60598949	5251314.23	2455.2475	0.05403051
1045.350098	125.8121625	2.4215272	45.61534232	5144279.192	2371.059084	0.05147009
1045.5	124.1212614	2.20281915	42.84075845	5202015.466	2549.493947	0.0518122
1045.650024	124.2593267	2.25498358	43.95439412	5417911.798	2352.032248	0.05174009
1045.8	125.9846207	2.35223867	41.04710942	5638747.695	2293.397556	0.04987204
1045.950073	123.7064962	2.38546779	42.26882008	5482928.573	2385.028329	0.05238728
1046.1	122.2948818	2.39337852	44.29864657	5374804.346	2288.795305	0.05295221
1046.25	125.1966112	2.33682185	44.55225059	5576781.632	2498.091178	0.05380997
1046.4	123.6582067	2.32410557	42.66452797	5430641.573	2293.01646	0.05336757
1046.550049	130.8613681	2.29489657	43.03175734	5401868.426	2448.927536	0.05538146
1046.7	113.6727528	2.30675177	40.71125468	5316216.198	2291.310632	0.05593356
1046.850098	131.0144383	2.20416491	43.30668504	5123149.625	2387.086867	0.05235223
1047	133.0314062	2.17753698	46.72042423	5266043.58	2504.618495	0.06183006
1047.150024	119.7484102	2.23096425	46.19992294	5321017.309	2399.717625	0.05602932
1047.3	127.2508749	2.21779014	46.07682494	5265580.601	2305.544001	0.06103715
1047.450073	127.2386748	2.19741257	45.33221021	5208176.478	2364.312928	0.06112717
1047.6	123.5281813	2.27412113	45.27698046	5088701.728	2356.480048	0.05402961
1047.75	126.5223075	2.29014188	45.05951195	5320158.926	2383.152489	0.06240543
1047.9	125.4951445	2.2274765	48.50408094	4989833.354	2242.277746	0.06459116
1048.050049	138.103496	2.32088683	48.34061722	5294128.286	2374.038157	0.06471496
1048.2	134.8742511	2.13686461	48.75305105	4997319.399	2130.019744	0.07161769
1048.350098	136.7205191	2.20049869	47.0812792	5014275.456	2273.643643	0.06599031
1048.5	134.6974706	2.1623196	44.39385953	4884392.134	2279.095419	0.06555931
1048.650024	126.8936682	2.08235544	49.76189402	5043383.468	2362.033624	0.06804904
1048.8	128.9970293	2.20946356	46.88802207	5304126.654	2324.972148	0.06889879
1048.950073	132.788868	2.20930418	45.15885904	5253646.08	2228.711777	0.06309474
1049.1	125.6557115	2.32339964	47.59524649	5326913.326	2258.924389	0.06636877
1049.25	133.060669	2.26578131	45.80261031	5290228.875	2357.723852	0.06457531
1049.4	128.6968912	2.15227575	48.56213197	5047846.319	2344.217988	0.05806196
1049.550049	127.8101344	2.35528517	48.53375613	5190210.378	2313.603123	0.06494449
1049.7	131.9990086	2.31310865	49.02132589	5136916.306	2327.245232	0.06606411
1049.850098	130.4511891	2.27092794	45.69464568	5501097.808	2421.102356	0.06918989
1050	127.0058304	2.21489681	50.50906509	5097414.896	2333.897757	0.06223485
1050.150024	133.4002261	2.1635193	49.23684347	5433032.851	2364.639301	0.07781308
1050.3	124.0620198	2.20427598	48.37375787	5430800.277	2528.817907	0.07270331
1050.450073	131.1988683	2.30611483	49.39867904	5579937.668	2265.808948	0.07221332
1050.6	131.1484	2.36145199	46.44901203	5216013.695	2233.711434	0.07585937
1050.75	128.148485	2.33312787	51.37817012	5354883.633	2411.892934	0.08359261
1050.9	130.5818202	2.1925168	49.95814332	5620571.73	2309.278304	0.08273323
1051.050049	123.5373292	2.15097854	49.61613121	5176762.298	2343.738247	0.08362459
1051.2	132.1316521	2.24194294	49.3358983	5056426.86	2319.293732	0.08131536
1051.350098	127.5563246	2.10820535	53.68755041	4997252.169	2356.15244	0.08054701
1051.5	126.9297812	2.24979794	50.8108023	5372718.159	2477.345117	0.0796035
1051.650024	133.9466063	2.21438783	54.38287627	4929955.883	2411.186231	0.0786147
1051.8	126.5401802	2.19252061	51.4909512	5177523.641	2416.843359	0.08086005
1051.950073	122.7372817	2.11858694	49.93078628	5354750.133	2266.195743	0.08031986
1052.1	120.6685994	2.27425589	51.40364262	5394330.248	2312.545196	0.08570294
1052.25	129.0230757	2.20518315	55.69088242	5472245.167	2202.473805	0.0826212
1052.4	121.1298923	2.1606644	53.39254179	5439456.016	2350.644201	0.08791521
1052.550049	134.551243	2.03759097	53.34993196	5569413.904	2465.900549	0.08949255
1052.7	120.1151161	2.22700169	55.26088627	5119889.28	2403.719166	0.09276576
1052.850098	137.1773487	2.34546609	55.97866964	5096469.961	2327.015543	0.09145299
1053	131.2157272	2.33626297	56.99532947	5067519.089	2337.001935	0.10161148
1053.150024	129.3462514	2.19163522	56.8818256	5357425.701	2298.830639	0.09430057
1053.3	126.7408857	2.18570678	52.16565969	5408253.587	2377.357558	0.08065266
1053.450073	130.3832035	2.26231366	48.13325543	5352566.16	2423.969856	0.07634026
1053.6	127.909501	2.16352165	47.86718252	5506228.838	2262.048564	0.06806588
1053.75	132.000863	2.25829453	48.97984052	5162971.218	2414.634654	0.06691857
1053.9	127.8179061	2.29103178	47.06649929	5624771.175	2461.658961	0.06635294
1054.050049	128.9469424	2.31756902	47.6823121	5547275.323	2345.047275	0.07334797
1054.2	129.8597946	2.20712079	52.09981136	5255403.985	2371.116348	0.07791298
1054.350098	133.6671863	2.18531044	54.84522062	5294236.346	2481.701205	0.09481671
1054.5	135.3352735	2.13738023	55.80416263	4732115.226	2266.202918	0.09800227
1054.650024	125.9541816	2.14637045	54.49738207	4962482.376	2318.551978	0.09907523
1054.8	126.659225	2.19301718	55.32000449	4970158.516	2249.971038	0.09260287
1054.950073	134.6233713	2.23903849	54.03647169	5246243.066	2330.869493	0.09582747
1055.1	131.6749826	2.28044709	57.03306912	4989535.91	2361.030561	0.09627144
1055.25	130.1698339	2.16060634	57.46006462	5282318.2	2342.013765	0.09386034
1055.4	130.9896368	2.32112587	53.55691208	5382606.189	2253.831029	0.09630809
1055.550049	132.3415634	2.1980781	55.8668595	5275024.267	2343.78463	0.10614379
1055.7	128.4292977	2.21667139	55.37855516	5219163.306	2439.015754	0.10401927
1055.850098	126.5060594	2.17127746	56.77644728	5063298.932	2381.654029	0.10517194
1056	130.3554912	2.05540178	57.63060458	5098224.616	2423.236238	0.10073199
1056.150024	124.5011397	2.29202335	54.78368185	5487939.538	2352.93784	0.0972768
1056.3	130.3517843	2.2814492	55.06509513	5409343.986	2424.083712	0.09680819
1056.450073	121.5663468	2.2100152	54.15035553	5274629.932	2388.866382	0.0950695
1056.6	133.04275	2.23407027	53.49475385	5210918.289	2298.211517	0.08257039
1056.75	130.7606163	2.26522581	50.76451878	4948991.676	2390.022439	0.07676751
1056.9	129.9007855	2.11972359	49.45808575	5100540.031	2293.524866	0.07202933
1057.050049	132.9878909	2.19162802	50.99331262	5579251.601	2318.859034	0.07380915
1057.2	135.8914498	2.28379087	51.84718459	5061502.321	2378.030424	0.08602419
1057.350098	133.2137491	2.14046975	52.30137488	5296360.701	2385.048556	0.08583474
1057.5	121.313826	2.24830926	55.51362424	5425756.344	2275.674592	0.08302438
1057.650024	123.7090203	2.13273315	56.42830584	5058032.376	2438.582129	0.08657192
1057.8	126.4949666	2.25989688	52.67990418	5288023.471	2402.547189	0.08881318
1057.950073	129.5039294	2.22310893	57.92074249	5393949.945	2304.131365	0.09721845
1058.1	131.7468756	2.1117297	57.99042951	5234647.573	2239.952936	0.10047895
1058.25	126.6408243	2.30532388	55.30140036	5690242.468	2339.871741	0.10341695
1058.4	130.1391911	2.17454816	58.60217121	4975417.103	2323.70558	0.09960093
1058.550049	125.5155423	2.17319216	59.26162111	5452694.885	2376.99939	0.09568114
1058.7	124.4513453	2.25337986	52.46152558	5346167.429	2373.302836	0.09057239
1058.850098	121.7283803	2.31612992	50.90696539	5464885.163	2241.906591	0.08063911
1059	123.5233187	2.16628016	53.83061812	5424339.583	2364.370175	0.0805382
1059.150024	121.4300682	2.24322923	52.35356222	5251449.521	2376.069318	0.08488072
1059.3	122.8793961	2.26963903	52.52073608	5413782.027	2446.967982	0.08244231
1059.450073	131.4962404	2.28736345	52.11246643	5069895.652	2347.379944	0.08034458
1059.6	123.1549566	2.25102409	52.1952152	5464821.155	2520.126092	0.07630857
1059.75	138.7599786	2.2095178	49.35939619	5381192.085	2246.437928	0.08049537
1059.9	129.9460151	2.17655086	53.50049495	5428588.606	2479.166764	0.08366901
1060.050049	128.9064272	2.2389384	55.16911904	5482405.448	2362.404473	0.08482099
1060.2	124.8731148	2.15605409	53.39806981	5352583.963	2435.385745	0.09165267
1060.350098	131.7084748	2.02505964	53.70486844	5299996.859	2372.681074	0.09148708
1060.5	126.6830776	2.25789001	50.96115088	5116908.905	2444.299039	0.09148967
1060.650024	129.915173	2.28870291	54.00256777	5127108.276	2327.122108	0.08643885
1060.8	140.4301373	2.05866501	53.99472487	5416706.099	2269.509341	0.08686347
1060.950073	129.6811378	2.15111441	52.94774018	5437429.115	2446.814986	0.08919878
1061.1	135.1534972	2.26338687	55.45548556	5153140.885	2330.124712	0.08845234
1061.25	127.4740956	2.3634458	54.1086878	5195152.029	2353.30392	0.08968072
1061.4	130.164439	2.22178274	56.60091806	5047391.862	2429.158403	0.09362105
1061.550049	138.2575371	2.16634847	54.36607424	5354095.71	2254.085941	0.09701678
1061.7	128.5574644	2.20249204	56.01084848	5254597.91	2366.980589	0.09269972
1061.850098	138.8303735	2.31095789	55.44453777	5457158.327	2279.317096	0.09472614
1062	131.480886	2.18552006	55.82208501	5148493.361	2361.971594	0.09715346
1062.150024	126.2599465	2.17428489	54.69084606	5224128.498	2375.166345	0.08731078
1062.3	134.0709827	2.18015339	54.78888044	5171785.791	2209.68199	0.09671738
1062.450073	135.3993964	2.14779622	56.21417648	5243679.065	2264.01456	0.0949704
1062.6	133.8906535	2.22324029	54.12870523	5106771.025	2420.230785	0.09050466
1062.75	124.6685598	2.32850727	52.19681653	5003419.72	2387.183028	0.09333616
1062.9	128.1961817	2.23757176	57.86405321	5286574.232	2317.917235	0.09227776
1063.050049	129.6909329	2.20032946	57.43140381	5287742.358	2349.328384	0.09639852
1063.2	129.71816	2.20159176	53.01562589	5060606.575	2322.59831	0.09569947
1063.350098	132.7389808	2.11208853	55.95633669	5421186.025	2441.092287	0.08772851
1063.5	130.8855143	2.28299798	52.78466078	5391287.69	2327.434079	0.08890762
1063.650024	124.5546747	2.21586195	52.88513624	5224093.418	2358.984812	0.08248193
1063.8	131.7327956	2.20869087	52.93589675	5215265.077	2425.721645	0.08329614
1063.950073	132.6967778	2.44438472	52.06323869	5291842.748	2285.311001	0.08100825
1064.1	132.4842416	2.24217221	51.58988475	5063339.419	2455.853555	0.08954493
1064.25	134.6641537	2.16877653	52.89120624	5207265.079	2230.334525	0.0917072
1064.4	133.1865534	2.19407276	52.73695388	4878877.355	2469.055934	0.0874871
1064.550049	130.3274309	2.31153553	52.94828493	5437941.021	2346.514203	0.08607386
1064.7	128.1125579	2.23921358	54.43905834	5044456.884	2356.002669	0.08959661
1064.850098	121.4508913	2.13085549	53.3679986	5539451.676	2235.847285	0.09191179
1065	130.1720468	2.29576143	55.73167661	5245064.149	2341.099436	0.09156861
1065.150024	129.2144907	2.18504048	57.29391325	5265815.141	2298.932954	0.0952939
1065.3	129.4528604	2.36270693	53.87986945	5200128.04	2331.020965	0.09398644
1065.450073	122.9454031	2.30748697	55.19114122	5256613.912	2365.886533	0.09433663
1065.6	123.7352813	2.2009581	55.21982831	5533686.921	2446.370385	0.09103198
1065.75	132.6362309	2.32181751	53.85978765	4904670.827	2392.145296	0.08139303
1065.9	128.0351934	2.23726069	50.90263521	5513962.784	2399.980788	0.07667791
1066.050049	131.0232679	2.29228857	50.32820367	5364075.35	2298.085819	0.07458635
1066.2	128.2612501	2.26667559	49.34641055	5116150.281	2314.304472	0.06963661
1066.350098	128.2383201	2.17387975	46.50608317	5139066.847	2510.439473	0.07120213
1066.5	132.0108239	2.18823874	50.01397051	5584848.147	2325.999357	0.06897576
1066.650024	125.900061	2.30524765	50.9544188	5162960.479	2501.055107	0.06997269
1066.8	128.6254523	2.2090111	50.58947035	5120487.651	2359.356239	0.08059833
1066.950073	126.1062887	2.20520032	54.31385408	5500156.912	2380.659698	0.09045192
1067.1	126.0426277	2.16775218	56.8553025	5381320.061	2461.992199	0.09325823
1067.25	126.2989997	2.26564452	55.40432847	5190207.385	2481.699783	0.09453191
1067.4	128.5132391	2.38019718	57.52197074	5377050.866	2380.930569	0.09254551
1067.550049	125.4093252	2.16245739	57.68711826	5185958.012	2363.887768	0.09102157
1067.7	132.90774	2.23741108	51.24627883	5515936.563	2383.634781	0.08256621
1067.850098	124.0972797	2.33326402	48.53879911	5499081.231	2408.890546	0.08147584
1068	127.0923648	2.2288459	49.01954054	5411783.152	2448.656335	0.07399196
1068.150024	126.0523403	2.26591471	49.13622417	5383313.648	2383.568795	0.06758921
1068.3	133.9649397	2.15998646	47.51863398	5608198.697	2428.09937	0.06482752
1068.450073	128.7507787	2.26404454	50.30012008	5322928.889	2502.185494	0.06178707
1068.6	132.0374133	2.22226527	45.97810542	5143818.785	2414.306522	0.06445203
1068.75	121.4593942	2.30446749	49.6369202	5409615.307	2410.061094	0.06571694
1068.9	128.7926157	2.31855608	48.024452	5673757.667	2276.427732	0.0752318
1069.050049	131.1848454	2.41767845	52.45516848	5184960.063	2199.243558	0.07362868
1069.2	126.703154	2.28367886	53.26859951	5352622.382	2440.532318	0.0756166
1069.350098	130.1484361	2.26980258	48.78390416	5516315.01	2418.089435	0.06849194
1069.5	123.4092159	2.26128055	49.14243328	5447052.099	2389.680252	0.07137791
1069.650024	131.6159745	2.22217623	51.46006833	5288831.902	2442.22795	0.07723113
1069.8	135.179513	2.27139799	49.40667407	5637503.11	2423.100465	0.07555525
1069.950073	123.4974696	2.23025454	50.0955531	5862331.64	2520.418922	0.07475075
1070.1	122.541299	2.26619543	50.26945153	5555107.13	2456.33405	0.07695329
1070.25	131.2595224	2.34201323	47.57765181	5332578.628	2380.403629	0.08174717
1070.4	132.2319101	2.17708845	51.00774914	5202911.775	2498.593392	0.07747649
1070.550049	123.3859035	2.32733699	49.89154983	5497389.562	2411.409179	0.07829621
1070.7	123.8155057	2.33971953	50.16766079	5633917.76	2465.697825	0.07847688
1070.850098	124.3952374	2.23944741	53.15854761	5532385.08	2392.386234	0.08397286
1071	120.7272969	2.09496776	48.40444035	5410885.159	2364.851891	0.07028844
1071.150024	122.6972805	2.19965485	49.70696697	5305486.195	2414.844383	0.07110436
