Depth(m)	AC(us/ft)	GR(API)	Porosity
856.0500488	137.1776886	68.5642548	0.293759019
856.2	137.1572571	65.5134964	0.293689102
856.3500366	136.9947968	61.9046783	0.29313266
856.5	136.9874573	60.13726	0.293107501
856.6500244	136.903351	55.3727989	0.292819059
856.8	136.9168854	54.2353668	0.292865492
856.9500122	137.1807251	53.9017982	0.293769409
857.1	137.2772522	52.45	0.294099528
857.250061	137.771851	52.45	0.295786153
857.4	138.0914612	52.45	0.296871728
857.5500488	138.0915985	53.040501	0.296872193
857.7	138.445343	53.05	0.298069774
857.8500366	138.4569855	53.04863	0.298109119
858	138.627243	49.67981	0.298683985
858.1500244	136.9579163	49.45	0.293006217
858.3	136.564209	49.45	0.291653555
858.4500122	136.0511322	49.45	0.289882885
858.6	135.830139	49.4495811	0.289117451
858.750061	135.0241241	48.421921	0.286311475
858.9	133.8949738	47.4935989	0.282342473
859.0500488	133.554245	46.608036	0.281135952
859.2	132.1195221	46.2075	0.27600982
859.3500366	130.9181824	46.1500969	0.27165963
859.5	130.6194458	46.3830986	0.270569531
859.6500244	130.251709	46.8644981	0.269223037
859.8	130.074249	47.64875	0.268571425
859.9500122	129.9176483	48.5121	0.267995412
860.1	130.323669	48.7508011	0.269486925
860.250061	131.1437073	48.750412	0.272480364
860.4	131.545578	47.7976	0.273938166
860.5500488	132.758728	46.75198	0.278302842
860.7	135.8283386	46.45	0.289111208
860.8500366	137.1775513	46.4502258	0.293758549
861	136.839569	47.0049133	0.292600161
861.1500244	136.6293488	47.5301018	0.291877718
861.3	136.36235	47.65007	0.290957992
861.4500122	135.6533813	47.820499	0.288504025
861.6	135.2589569	48.94429	0.287131318
861.750061	135.2589722	50.3941727	0.287131371
861.9	135.3065186	52.0423012	0.287297131
862.0500488	135.6727448	53.5038834	0.288571277
862.2	136.0791779	53.95	0.289979905
862.3500366	136.1724548	53.9497223	0.290302389
862.5	136.1724548	53.2648087	0.290302389
862.6500244	136.1724548	52.053699	0.290302389
862.8	136.2114716	51.5499535	0.290437192
862.9500122	136.2638855	51.4275017	0.290618202
863.1	136.4072418	51.132179	0.291112799
863.250061	136.6292877	50.8370247	0.291877508
863.4	136.478775	50.65	0.291359337
863.5500488	136.0930634	50.3398781	0.29002793
863.7	135.7560883	49.5532	0.288860593
863.8500366	135.4188538	49.15	0.287688451
864	135.0814362	49.1502075	0.286511739
864.1500244	134.7441559	49.6548	0.285331549
864.3	134.4065857	51.1883545	0.284146361
864.4500122	134.0696259	52.0592	0.282959318
864.6	133.7320862	52.926899	0.281766204
864.750061	133.3950043	53.9168015	0.28057066
864.9	133.1326752	54.9138985	0.279637432
865.0500488	133.03923	55.9716187	0.279304405
865.2	132.60994	57	0.277770423
865.3500366	133.038147	57.295723	0.279300544
865.5	132.9084167	57.5910034	0.278837676
865.6500244	133.1207886	57.85	0.279595087
865.8	133.5705566	57.8813171	0.281193805
865.9500122	134.0278778	58.176399	0.282811968
866.1	134.6077423	58.5373535	0.28485309
866.250061	135.7232361	59.65	0.288746579
866.4	137.3715363	59.65	0.294421674
866.5500488	137.62529	59.65	0.295287217
866.7	137.2660675	59.65	0.294061292
866.8500366	136.9031677	59.6501236	0.292818431
867	136.45015	59.9481812	0.291260702
867.1500244	136.5360718	61.1217	0.291556683
867.3	136.45	61.15	0.291260185
867.4500122	135.4113617	61.15	0.287662366
867.6	134.8409882	60.5925179	0.285670784
867.750061	133.8851013	58.9081383	0.282307573
867.9	133.5511627	58.75	0.281125018
868.0500488	133.5228271	57.6936035	0.281024492
868.2	133.5228119	56.7186012	0.281024439
868.3500366	133.7555847	54.858459	0.281849396
868.5	134.2534637	52.801857	0.283607439
868.6500244	134.345169	52.45	0.2839303
868.8	134.1988525	52.4502869	0.283415031
868.9500122	134.1622925	53.155899	0.283286163
869.1	133.881821	53.35	0.282295976
869.250061	133.7281647	53.3496437	0.281752318
869.4	133.5039215	52.466499	0.280957405
869.5500488	133.2828674	51.4988441	0.280172038
869.7	133.0839081	50.628201	0.279463671
869.8500366	132.8866272	49.764389	0.278759873
870	132.6794128	49.490601	0.278019122
870.1500244	132.609024	49.490601	0.277767142
870.3	132.5505371	50.0410271	0.277557632
870.4500122	132.631897	50.35	0.277849044
870.6	132.7563629	50.5326042	0.278294385
870.750061	133.0083771	50.7785835	0.279194381
870.9	133.1573639	50.742001	0.279725366
871.0500488	133.0548553	50.6499786	0.279360114
871.2	132.825439	50.595699	0.278541299
871.3500366	132.60405	50.127449	0.277749329
871.5	132.3303528	49.75	0.276767778
871.6500244	132.1070251	49.75	0.275964841
871.8	132.3242188	50.3269768	0.276745749
871.9500122	132.7364349	52.4824982	0.27822312
872.1	133.1291962	54.5192947	0.279625038
872.250061	133.55011	55.23941	0.281121284
872.4	133.895889	55.75	0.282345708
872.5500488	133.9792786	56.3508644	0.28264036
872.7	133.6353	57.25	0.281423343
872.8500366	133.4892883	57.25	0.28090547
873	133.4637146	57.25	0.280814687
873.1500244	133.5228119	57.25	0.281024439
873.3	133.5814972	57.25	0.281232604
873.4500122	133.9279022	57.25	0.282458854
873.6	134.35759	57.25	0.283974007
873.750061	134.1622772	57.25	0.28328611
873.9	134.1156616	57.25	0.283121729
874.0500488	134.8811188	57.25	0.285811279
874.2	136.6192932	57.25	0.291843123
874.3500366	132.773056	57.25	0.278354071
874.5	132.9102783	57.2500572	0.278844322
874.6500244	133.9458771	57.3855019	0.282522368
874.8	134.823151	58.0186	0.285608319
874.9500122	135.6841583	58.0186	0.288610911
875.1	136.1909332	57.919769	0.290366238
875.250061	135.1996	57.114849	0.286924273
875.4	136.1550751	55.9924011	0.290242325
875.5500488	135.9972382	55.3775253	0.289696371
875.7	136.1395264	54.454201	0.29018858
875.8500366	137.0172577	53.05	0.293209644
876	137.5630646	53.050011	0.295075167
876.1500244	140.8355865	53.0695	0.306055386
876.3	141.0144348	54.2517548	0.30664557
876.4500122	140.1016235	56.35	0.303622776
876.6	139.111145	57.8262062	0.300312686
876.750061	135.6458435	57.85	0.288477841
876.9	135.0977325	57.85	0.286568661
877.0500488	135.0757141	57.8492165	0.286491749
877.2	134.1513214	55.9175	0.283247483
877.3500366	134.154129	54.9363632	0.283257382
877.5	135.0552673	54.85	0.286420312
877.6500244	135.5658875	54.85	0.288199985
877.8	135.624359	55.1070213	0.288403202
877.9500122	135.4707947	55.4021	0.28786924
878.1	134.8391571	55.45	0.285664372
878.250061	134.636551	55.449711	0.284954188
878.4	133.8952942	54.7368011	0.282343606
878.5500488	133.634613	54.3168869	0.281420908
878.7	133.475281	53.7938	0.280855749
878.8500366	132.411377	52.9801178	0.277058637
879	132.0609436	52.5314674	0.275798936
879.1500244	131.9308472	52.45	0.275330134
879.3	131.6872864	51.6899681	0.274450792
879.4500122	131.604111	51.3583984	0.274149997
879.6	131.604111	51.358448	0.274149997
879.750061	131.6041412	51.476971	0.274150107
879.9	131.6617126	51.6568985	0.274358334
880.0500488	132.033432	51.8025246	0.27569985
880.2	132.463028	53.8311	0.277243927
880.3500366	132.609024	55.15	0.277767142
880.5	132.6090088	55.149799	0.277767088
880.6500244	132.5587311	54.652901	0.277586992
880.8	132.3709259	54.2499352	0.276913457
880.9500122	132.243576	54.0940018	0.276456004
881.1	132.2434082	53.7987442	0.2764554
881.250061	131.84198	53.65	0.275009545
881.4	131.4212189	53.65	0.273487689
881.5500488	131.4212189	53.65	0.273487689
881.7	131.4212189	53.65	0.273487689
881.8500366	131.4212189	53.39526	0.273487689
882	131.421249	53.05	0.273487798
882.1500244	131.4931488	53.05	0.273748317
882.3	131.982605	53.3889275	0.275516718
882.4500122	132.609024	53.95	0.277767142
882.6	132.609024	53.949921	0.277767142
882.750061	132.609024	53.7527542	0.277767142
882.9	132.609024	53.162701	0.277767142
883.0500488	132.609024	52.5721283	0.277767142
883.2	132.609024	52.15	0.277767142
883.3500366	132.609024	52.070652	0.277767142
883.5	132.609024	51.7009163	0.277767142
883.6500244	132.609024	51.25	0.277767142
883.8	132.609024	51.1850052	0.277767142
883.9500122	132.609024	50.95	0.277767142
884.1	132.609024	50.9501228	0.277767142
884.250061	132.609039	51.25396	0.277767196
884.4	132.6230469	53.115299	0.277817356
884.5500488	132.7380524	55.2320175	0.278228905
884.7	132.9744873	55.760601	0.279073487
884.8500366	132.9745026	55.8381042	0.279073541
885	132.9907227	55.8380661	0.279131408
885.1500244	133.1573639	55.7453	0.279725366
885.3	133.1573639	54.3804283	0.279725366
885.4500122	133.1573639	51.5038986	0.279725366
885.6	133.1573639	50.4044762	0.279725366
885.750061	133.1573639	50.35	0.279725366
885.9	133.1573639	50.35	0.279725366
886.0500488	133.1573639	50.3523827	0.279725366
886.2	133.1573639	56.208401	0.279725366
886.3500366	133.1573639	56.35	0.279725366
886.5	133.1573639	56.3502274	0.279725366
886.6500244	133.1573639	56.9070015	0.279725366
886.8	133.1573639	56.9501114	0.279725366
886.9500122	133.1573639	57.2188988	0.279725366
887.1	133.1573029	57.25	0.279725149
887.250061	133	57.2493782	0.279164501
887.4	132.9744873	55.723301	0.279073487
887.5500488	132.9744873	54.950359	0.279073487
887.7	132.9744873	54.3601	0.279073487
887.8500366	132.9016418	54.25	0.278813487
888	132.883316	54.250191	0.278748048
888.1500244	132.8129425	54.7109985	0.278496643
888.3	132.8609924	54.85	0.278668318
888.4500122	133.3542633	54.85	0.280425887
888.6	133.5228271	53.9857674	0.281024492
888.750061	133.5228271	53.65	0.281024492
888.9	133.5228119	53.65	0.281024439
889.0500488	133.5228271	54.4568253	0.281024492
889.2	133.5228119	55.2436981	0.281024439
889.3500366	133.5227966	55.45	0.281024384
889.5	133.46582	55.4499283	0.280822162
889.6500244	133.4313812	55.2675018	0.280699875
889.8	133.3773956	55.024765	0.280508095
889.9500122	133.2875214	54.9387016	0.280188591
890.1	132.992661	54.9386635	0.279138322
890.250061	132.691803	54.83902	0.278063459
890.4	131.5955658	54.6470985	0.27411908
890.5500488	130.5966949	53.781105	0.270486375
890.7	130.507431	52.3058014	0.270159922
890.8500366	130.5074158	51.55	0.270159866
891	130.4650574	51.5504379	0.270004849
891.1500244	130.4163055	52.6255	0.26982635
891.3	130.3766479	54.4687767	0.269681082
891.4500122	130.32486	55.15	0.269491291
891.6	130.32486	55.1497154	0.269491291
891.750061	130.3248444	54.4574585	0.269491234
891.9	130.2913361	53.1290016	0.26936838
892.0500488	130.201401	52.75	0.269038433
892.2	130.141983	52.75	0.268820277
892.3500366	130.141983	52.75	0.268820277
892.5	130.141983	52.7500534	0.268820277
892.6500244	130.141983	52.8860016	0.268820277
892.8	130.1419983	53.3388176	0.268820333
892.9500122	130.188919	53.8804016	0.268992616
893.1	130.3249359	54.55	0.26949157
893.250061	130.4893951	54.5500221	0.270093925
893.4	131.0938721	54.612499	0.272299167
893.5500488	131.2563782	54.8500252	0.272889688
893.7	131.37825	54.902901	0.273331906
893.8500366	131.604126	55.2948914	0.274150052
894	131.6303864	56.7449265	0.274245047
894.1500244	131.7866821	61.003799	0.27480991
894.3	131.8383636	62.05	0.274996492
894.4500122	132.243576	62.05	0.276456004
894.6	132.243576	62.001659	0.276456004
894.750061	132.243576	61.398991	0.276456004
894.9	132.243576	60.6335983	0.276456004
895.0500488	132.243576	60.076401	0.276456004
895.2	132.243576	60.076401	0.276456004
895.3500366	132.243576	60.0760269	0.276456004
895.5	132.243576	59.65	0.276456004
895.6500244	132.243576	59.65	0.276456004
895.8	132.2435	59.65	0.27645573
895.9500122	132.0695343	59.65	0.27582987
896.1	132.0608673	59.6502228	0.275798661
896.250061	131.72438	60.202221	0.274584854
896.4	131.4474335	60.25	0.273582696
896.5500488	131.4212189	60.24979	0.273487689
896.7	131.4212189	59.7267	0.273487689
896.8500366	131.4211578	59.65	0.273487468
897	131.2678986	59.6506042	0.272931514
897.1500244	131.2386475	61.133499	0.272825305
897.3	131.2386475	61.6926155	0.272825305
897.4500122	131.2386475	61.9877014	0.272825305
897.6	131.2386475	62.0502777	0.272825305
897.750061	131.2386475	62.7343864	0.272825305
897.9	131.2386475	62.95	0.272825305
898.0500488	131.2386475	62.9498253	0.272825305
898.2	131.2386475	62.5225983	0.272825305
898.3500366	131.2386475	60.8879356	0.272825305
898.5	131.2386475	60.25	0.272825305
898.6500244	131.2386475	60.25	0.272825305
898.8	131.238678	60.6392975	0.272825416
898.9500122	131.3541718	61.6085014	0.273244581
899.1	131.4213867	62.234921	0.273488297
899.250061	131.80542	62.5301514	0.27487757
899.4	132.114349	62.65	0.275991202
899.5500488	132.2043457	64.0147476	0.276314965
899.7	132.4456482	65.8646011	0.277181591
899.8500366	132.609024	66.7989044	0.277767142
900	132.609024	67.301201	0.277767142
900.1500244	132.609024	67.5458984	0.277767142
900.3	132.609024	67.5458221	0.277767142
900.4500122	132.609024	67.3590012	0.277767142
900.6	132.609024	66.32811	0.277767142
900.750061	132.609024	63.8964424	0.277767142
900.9	132.609024	61.5411	0.277767142
901.0500488	132.609024	60.7274284	0.277767142
901.2	132.609024	60.55	0.277767142
901.3500366	132.609024	60.5503082	0.277767142
901.5	132.609024	61.3075485	0.277767142
901.6500244	132.609024	62.65	0.277767142
901.8	132.6691284	62.65	0.277982317
901.9500122	132.8205566	62.65	0.278523852
902.1	132.9101868	62.65	0.278843995
902.250061	132.9744873	62.6500969	0.279073487
902.4	132.9744873	62.887699	0.279073487
902.5500488	133.0199432	64.4444962	0.279235631
902.7	133.1573639	67.15	0.279725366
902.8500366	133.1573639	67.1499786	0.279725366
903	133.1573639	67.089653	0.279725366
903.1500244	133.1573639	66.7394028	0.279725366
903.3	133.1573639	66.2499847	0.279725366
903.4500122	133.1573639	66.2043	0.279725366
903.6	133.1573639	65.7860641	0.279725366
903.750061	133.1573639	64.713768	0.279725366
903.9	133.1573639	64.3874969	0.279725366
904.0500488	133.1573639	63.849968	0.279725366
904.2	133.1573639	63.763599	0.279725366
904.3500366	133.1573639	62.5821342	0.279725366
904.5	133.1573639	61.43465	0.279725366
904.6500244	133.1595	61.0733986	0.279732973
904.8	133.24881	61.0734024	0.280050883
904.9500122	133.24881	61.0733986	0.280050883
905.1	133.339371	61.2177582	0.280372952
905.250061	133.429291	61.360836	0.280692452
905.4	133.519165	61.4466019	0.281011498
905.5500488	133.6953583	63.4332733	0.281636136
905.7	133.7057037	64.1070023	0.281672778
905.8500366	133.7057037	64.15	0.281672778
906	133.7057037	64.1496735	0.281672778
906.1500244	133.7057037	63.3577	0.281672778
906.3	133.7056732	63.25	0.28167267
906.4500122	133.6279755	63.25	0.281397382
906.6	133.53801	63.250401	0.28107836
906.750061	133.44841	64.2297821	0.280760347
906.9	133.358231	65.410202	0.280439989
907.0500488	133.1961823	65.88533	0.279863583
907.2	131.9637756	65.95	0.27544885
907.3500366	131.7417755	67.0789413	0.274647707
907.5	132.2579956	68.4173584	0.27650783
907.6500244	132.4922943	69.5460968	0.277348873
907.8	132.517929	69.85	0.27744077
907.9500122	132.5806885	69.85	0.277665655
908.1	132.6706848	67.4292984	0.277987887
908.250061	132.880341	64.4778214	0.278737424
908.4	132.9744873	63.55	0.279073487
908.5500488	132.9744873	63.3626823	0.279073487
908.7	132.9744873	63.0676	0.279073487
908.8500366	132.9744873	62.416771	0.279073487
909	132.9744873	61.357651	0.279073487
909.1500244	132.9744873	60.0093	0.279073487
909.3	132.9744873	58.8599358	0.279073487
909.4500122	132.9744873	58.45	0.279073487
909.6	132.9744873	58.4501762	0.279073487
909.750061	132.9744873	58.8743973	0.279073487
909.9	132.9744873	60.0895	0.279073487
910.0500488	132.9744873	61.699482	0.279073487
910.2	132.9744873	63.1465	0.279073487
910.3500366	132.9744873	64.75779	0.279073487
910.5	132.9744873	65.950058	0.279073487
910.6500244	132.9744873	66.1123962	0.279073487
910.8	132.9744873	66.3559036	0.279073487
910.9500122	132.9744873	66.3559036	0.279073487
911.1	132.9745026	65.5780334	0.279073541
911.250061	133.0361328	63.947937	0.279293362
911.4	133.2158813	63.55	0.279933702
911.5500488	133.3957672	63.5501747	0.28057337
911.7	133.5228119	63.982201	0.281024439
911.8500366	133.5228271	65.1317825	0.281024492
912	133.5698242	65.35	0.281191208
912.1500244	133.7057037	65.35	0.281672778
912.3	133.664505	64.8782578	0.281526835
912.4500122	133.5228119	62.5637016	0.281024439
912.6	133.47	59.7192078	0.280837002
912.750061	133.23262	58.75	0.279993274
912.9	133.1573639	58.75	0.279725366
913.0500488	133.1573486	58.7500114	0.279725312
913.2	133.1338959	58.7885017	0.27964178
913.3500366	133.0157776	59.252831	0.279220775
913.5	133.3488159	61.0243034	0.280406525
913.6500244	133.43869	62.746201	0.280725831
913.8	133.528641	63.9082451	0.281045121
913.9500122	133.61853	64.75	0.281363902
914.1	133.7057037	64.75	0.281672778
914.250061	133.7057037	64.75	0.281672778
914.4	133.7057037	64.75	0.281672778
914.5500488	133.7057037	64.4493942	0.281672778
914.7	133.7057037	62.973801	0.281672778
914.8500366	133.7055511	61.9968414	0.281672237
915	133.3575439	60.1194458	0.280437547
915.1500244	133.1689453	58.269199	0.279766609
915.3	132.989059	57.32177	0.279125473
915.4500122	132.8092957	57.25	0.27848361
915.6	132.5483246	57.25	0.277549704
915.750061	132.4379883	57.25	0.277154113
915.9	132.348129	57.25	0.276831611
916.0500488	131.8744049	56.9966736	0.275126552
916.2	131.7113953	53.7356987	0.274537931
916.3500366	131.0311127	50.86829	0.272070846
916.5	131.0905914	50.35	0.272287235
916.6500244	131.9982147	50.35	0.27557297
916.8	132.313141	50.5781288	0.276705961
916.9500122	132.5389252	50.65	0.277516022
917.1	131.6109314	50.6496544	0.274174672
917.250061	131.1732941	49.7942085	0.272587896
917.4	130.8289948	47.360901	0.271334532
917.5500488	130.6903076	46.2458572	0.270828411
917.7	130.6903076	46.15	0.270828411
917.8500366	130.45343	45.3720512	0.269962285
918	130.32486	44.7602539	0.269491291
918.1500244	130.32486	44.65	0.269491291
918.3	130.269928	44.6503563	0.269289867
918.4500122	130.12674	45.5261	0.26876429
918.6	129.9986725	46.15	0.268293554
918.750061	129.908783	46.1499367	0.267962775
918.9	129.8188934	45.9891014	0.267631689
919.0500488	129.6357422	45.85	0.266956141
919.2	133.46492	45.85	0.280818967
919.3500366	137.3607941	46.2896423	0.294384986
919.5	138.6989288	46.8928642	0.298925745
919.6500244	140.1930542	47.052299	0.303926743
919.8	140.111618	47.0521431	0.303656017
919.9500122	138.4602814	46.667	0.298120256
920.1	136.3180847	45.7785912	0.290805278
920.250061	136.15654	44.7788734	0.290247388
920.4	135.9898834	43.485901	0.28967091
920.5500488	135.9239655	42.1171875	0.289442633
920.7	135.7442017	41.35	0.288819345
920.8500366	135.5941925	41.3500366	0.288298373
921	135.5042877	41.4438553	0.287985769
921.1500244	135.4144135	41.827801	0.287672992
921.3	136.5546112	42.250031	0.291620514
921.4500122	137.8826752	42.329201	0.296162957
921.6	133.9795837	42.92284	0.282641438
921.750061	138.1246643	44.25946	0.29698431
921.9	141.77681	45.144501	0.3091501
922.0500488	142.08223	45.9100952	0.310148382
922.2	143.6168823	46.15	0.315121158
922.3500366	145.04248	46.15	0.319676971
922.5	145.1581268	46.1499023	0.320043905
922.6500244	145.5928955	45.9045982	0.321419866
922.8	147.1852722	44.1324921	0.326412655
922.9500122	146.6496429	42.3937	0.324741364
923.1	146.2355042	40.996769	0.323443517
923.250061	141.9724274	40.4281845	0.309789819
923.4	141.8267975	40.15	0.309313685
923.5500488	140.9232635	40.15	0.306344838
923.7	139.9492188	40.1572	0.303115505
923.8500366	139.9527283	40.4525223	0.303127195
924	140.355301	40.75182	0.304465486
924.1500244	140.5567017	45.2151985	0.305133077
924.3	140.7575531	46.4212761	0.305797567
924.4500122	143.0033112	46.6076012	0.313141597
924.6	143.1926422	46.7514	0.313753651
924.750061	144.0463867	46.7594986	0.316500112
924.9	144.1115723	46.7594986	0.316708912
925.0500488	145.6583557	46.7594986	0.321626557
925.2	145.4801178	46.7594986	0.321063477
925.3500366	145.254837	45.4546013	0.320350453
925.5	142.1279755	44.2315216	0.310297655
925.6500244	141.4890747	42.8014984	0.308206974
925.8	141.057739	42.55	0.306788319
925.9500122	140.9645081	42.55	0.306480918
926.1	141.6013184	42.7852249	0.308575188
926.250061	141.7771	42.85	0.30915105
926.4	142.4644318	42.85	0.311393572
926.5500488	142.3165283	43.07111	0.310912244
926.7	142.10965	43.582199	0.310237864
926.8500366	141.151474	44.3850021	0.307097107
927	140.6911163	47.3353386	0.30557791
927.1500244	139.9772644	49.1551018	0.303208909
927.3	139.1115265	51.025391	0.300313967
927.4500122	138.8324432	52.2341	0.299375573
927.6	139.0861664	52.45	0.300228801
927.750061	139.423996	52.4498558	0.301361621
927.9	140.0242	52.0947	0.303365169
928.0500488	140.472321	50.8127174	0.304853533
928.2	140.615219	49.882	0.305326805
928.3500366	140.8258972	49.7499352	0.306023383
928.5	140.964661	49.5914421	0.306481422
928.6500244	141.328751	49.45	0.307680352
928.8	141.6750183	49.4501152	0.308816746
928.9500122	141.72377	49.7382011	0.308976442
929.1	141.823822	51.165062	0.30930395
929.250061	142.0143738	53.5270157	0.30992684
929.4	141.5683289	56.0169983	0.308467007
929.5500488	140.71904	58.0783234	0.30567025
929.7	140.4567261	59.3582	0.304801844
929.8500366	140.1502228	60.6871376	0.303784381
930	135.2523346	62.0158424	0.287108224
930.1500244	127.2067566	63.3434982	0.257873753
930.3	128.1049957	64.5996552	0.261259386
930.4500122	128.8831635	66.214798	0.264166747
930.6	129.55809	69.5121613	0.266669336
930.750061	129.817261	73.1098557	0.267625673
930.9	130.2913361	73.75	0.26936838
931.0500488	130.6903076	73.7499084	0.270828411
931.2	130.6903076	73.5338974	0.270828411
931.3500366	130.6903687	72.24395	0.270828634
931.5	130.8429413	70.15	0.271385388
931.6500244	131.4212189	70.15	0.273487689
931.8	131.4212189	70.0970535	0.273487689
931.9500122	131.4212189	69.7539978	0.273487689
932.1	131.4211426	69.25	0.273487412
932.250061	131.2329712	69.2500381	0.272804691
932.4	129.9697723	69.3510971	0.268187239
932.5500488	130.0597229	70.1790161	0.268518034
932.7	130.1495972	70.45	0.26884824
932.8500366	130.2766571	70.4499741	0.269314548
933	130.9359589	70.3914185	0.271724392
933.1500244	131.63063	69.2211	0.274245928
933.3	132.4142761	68.3399582	0.27706904
933.4500122	131.6955414	67.75	0.274480631
933.6	131.9696045	67.75	0.275469861
933.750061	132.0593567	67.7502365	0.275793221
933.9	131.795517	68.3309021	0.274841813
934.0500488	131.9606934	68.635719	0.27543774
934.2	131.8839111	68.930901	0.275160848
934.3500366	131.878189	68.95	0.275140204
934.5	132.0473633	68.95	0.275750028
934.6500244	132.2475433	68.95	0.276470263
934.8	132.449707	68.9500275	0.27719615
934.9500122	132.6517029	69.030899	0.277919947
935.1	132.8538971	69.2171173	0.278642973
935.250061	133.1098633	69.2501144	0.279556162
935.4	133.2311249	69.5245972	0.279987953
935.5500488	133.1039429	69.7959137	0.279535067
935.7	132.9241943	69.85	0.278894002
935.8500366	132.466721	70.9906845	0.277257172
936	132.5388947	72.6901245	0.277515912
936.1500244	132.4761353	74.4614029	0.277290933
936.3	132.4265747	74.95	0.277113167
936.4500122	132.7446747	74.95	0.278252588
936.6	133.2563324	74.95	0.280077646
936.750061	133.7957	74.9498367	0.281991371
936.9	133.9797211	74.560997	0.282641923
937.0500488	133.979599	74.160179	0.282641492
937.2	133.6419983	73.865097	0.281447082
937.3500366	132.4441681	72.8494415	0.277176282
937.5	131.7866821	71.7238388	0.27480991
937.6500244	131.7866821	70.8386	0.27480991
937.8	131.7363739	70.11869	0.274628191
937.9500122	131.6955414	69.85	0.274480631
938.1	131.6699219	69.85025	0.274388016
938.250061	131.6251678	70.4556427	0.274226171
938.4	131.6955414	71.05	0.274480631
938.5500488	131.8753967	71.049942	0.27513013
938.7	131.927811	70.9131012	0.275319186
938.8500366	132.4820557	70.7499466	0.277312162
939	133.5202484	70.6226349	0.281015343
939.1500244	133.925461	70.45	0.282450227
939.3	134.1947327	69.9789047	0.283400512
939.4500122	134.5277557	68.76	0.284572241
939.6	134.429184	67.9470978	0.284225827
939.750061	134.15947	67.9470978	0.283276213
939.9	133.96843	67.9470978	0.282602041
940.0500488	133.93396	67.9468536	0.28248026
940.2	133.8803558	67.3554	0.282290796
940.3500366	133.7577362	65.52906	0.281857012
940.5	133.5675659	64.45	0.281183199
940.6500244	133.3908386	64.45	0.28055586
940.8	133.2273254	64.9385834	0.279974432
940.9500122	132.9007263	66.8741989	0.278810218
941.1	132.4458466	68.110291	0.277182302
941.250061	134.405029	68.57164	0.284140886
941.4	134.723129	69.6509018	0.285257841
941.5500488	135.0126953	70.1500168	0.286271527
941.7	135.0431671	70.1908035	0.286378029
941.8500366	134.2097015	70.45	0.283453263
942	133.8594971	70.4499359	0.282217043
942.1500244	133.57373	70.291	0.28120506
942.3	133.1506042	68.4971085	0.279701292
942.4500122	133	66.55	0.279164501
942.6	131.86676	66.5500183	0.275098968
942.750061	131.69989	66.59462	0.274496349
942.9	131.8781128	68.3573	0.275139929
943.0500488	131.8782654	69.2506027	0.27514048
943.2	132.2429657	70.7384033	0.27645381
943.3500366	133.2250977	71.042923	0.279966504
943.5	134.126129	71.3379974	0.283158647
943.6500244	134.4213715	71.35	0.284198357
943.8	134.4947662	71.35	0.284456343
943.9500122	134.354019	71.35	0.283961442
944.1	133.935989	71.349678	0.28248743
944.250061	135.82	70.5559769	0.289082293
944.4	138.6087189	66.5598984	0.298621485
944.5500488	139.0601959	63.1506	0.300141563
944.7	138.5105743	62.65	0.298290161
944.8500366	137.3146057	62.6501923	0.294227191
945	136.0088654	63.13015	0.289736619
945.1500244	134.7036133	63.25	0.285189417
945.3	133.8006439	63.2499123	0.282008864
945.4500122	134.1641235	63.0243988	0.283292619
945.6	134.4125366	62.72908	0.284167289
945.750061	134.43663	62.4333611	0.284252007
945.9	134.500931	60.8704987	0.284478004
946.0500488	134.2763214	57.5640831	0.28368794
946.2	134.3466949	54.332901	0.28393567
946.3500366	134.43663	53.35	0.284252007
946.5	134.4950256	53.3498459	0.284457254
946.6500244	134.2427521	52.975399	0.283569708
946.8	133.9043121	52.74971	0.282375482
946.9500122	133.6346741	52.0393982	0.281421124
947.1	133.2068787	51.55	0.279901659
947.250061	132.7698517	51.5499344	0.278342615
947.4	132.5096741	51.3867989	0.27741118
947.5500488	132.0886078	51.2498779	0.275898543
947.7	131.740036	50.9427986	0.274641422
947.8500366	131.6502686	49.011425	0.274316953
948	132	47.35	0.275579403
948.1500244	132.680969	47.35	0.278024691
948.3	134.040451	47.7537041	0.282856352
948.4500122	135.7451172	48.25	0.288822522
948.6	136.2258759	48.2499542	0.290486946
948.750061	135.7327728	48.1295013	0.28877968
948.9	133.8474274	47.1432	0.282174359
949.0500488	131.5417023	45.297184	0.273924135
949.2	130.9646454	44.0331	0.271828875
949.3500366	130.9338379	43.2352219	0.271716665
949.5	130.90242	42.7880745	0.271602196
949.6500244	130.8430176	42.7165985	0.271385667
949.8	130.4890442	42.6659966	0.27009264
949.9500122	130.2279358	42.666	0.269135814
950.1	129.9669189	42.9441872	0.268176741
950.250061	129.7271881	43.8944855	0.267293597
950.4	129.8191986	44.35	0.267632813
950.5500488	130.7133789	44.34993	0.270912657
950.7	131.2	44.1771011	0.27268493
950.8500366	131.4859161	43.23814	0.273722119
951	131.6692963	42.1053963	0.274385754
951.1500244	130.8582611	41.35	0.271441244
951.3	129.5325165	41.35	0.26657483
951.4500122	128.3851166	41.35	0.262308692
951.6	127.3488083	41.379009	0.258411309
951.750061	125.8913116	41.65	0.252857159
951.9	124.5745087	41.65	0.247764301
952.0500488	124.6644516	41.6060219	0.248114463
952.2	124.763176	40.6824989	0.248498421
952.3500366	125.1245422	38.6399612	0.249900369
952.5	125.5736389	38.04879	0.251635106
952.6500244	125.5736389	36.55	0.251635106
952.8	125.5737915	35.6642914	0.251635694
952.9500122	125.9275131	35.65	0.25299616
953.1	127.3312912	35.650116	0.258345063
953.250061	128.5142975	35.93182	0.262791555
953.4	132.1204376	38.434601	0.276013115
953.5500488	136.8874817	39.7354965	0.292764609
953.7	139.0653076	41.4492989	0.300158735
953.8500366	141.9091187	41.65	0.309582913
954	141.9915314	41.6498985	0.30985223
954.1500244	141.6237946	41.3979	0.308648874
954.3	141.7893066	40.855061	0.309191003
954.4500122	141.8374634	40.022499	0.309348579
954.6	138.8721466	39.85	0.299509227
954.750061	143.6226959	39.85	0.31513986
954.9	141.481461	39.85	0.308181983
955.0500488	134.0750885	39.85	0.282978593
955.2	126.5054169	39.85	0.255207845
955.3500366	124.9856339	40.063633	0.249362108
955.5	125.6397324	40.15	0.251889703
955.6500244	126.2734528	40.15	0.254321734
955.8	126.9073944	40.1496849	0.256738251
955.9500122	127.5411148	39.3720016	0.259137757
956.1	128.1750641	38.5702324	0.261522145
956.250061	128.8090363	37.4251213	0.263890814
956.4	129.4427643	36.489799	0.266242958
956.5500488	130.0767212	36.25	0.268580511
956.7	130.7101288	36.25	0.27090079
956.8500366	131.3443756	36.58131	0.273209046
957	131.9783478	36.85	0.275501374
957.1500244	132.611771	36.85	0.277776979
957.3	133.245697	36.093361	0.280039806
957.4500122	133.8797455	34.763901	0.282288638
957.6	134.5136871	33.7245369	0.28452282
957.750061	135.147659	32.8388939	0.286742996
957.9	135.7810822	32.0858	0.28894731
958.0500488	136.3877716	30.98558	0.291045666
958.2	137.4669342	29.4601	0.294747324
958.3500366	138.906891	28.6322269	0.299626145
958.5	139.8748169	28.45	0.302867592
958.6500244	140.526825	28.45	0.305034124
958.8	140.4376373	28.4500389	0.304738565
958.9500122	139.986099	28.548401	0.303238327
959.1	139.3129578	28.8437557	0.300989692
959.250061	139.67807	29.2280941	0.302211161
959.4	139.9763489	30.196199	0.303205861
959.5500488	139.7332764	31.5977	0.302395479
959.7	138.6157227	31.5977	0.298645117
959.8500366	139.247818	31.5977	0.300771317
960	139.850647	31.597784	0.302787018
960.1500244	140.321991	31.808399	0.304354948
960.3	140.7937012	32.8716583	0.305917022
960.4500122	141.2327423	34.001301	0.307364604
960.6	141.0540771	34.841511	0.30677625
960.750061	138.7059021	35.35	0.298949253
960.9	138.621521	35.35	0.29866468
961.0500488	139.2093353	35.22456	0.300642243
961.2	139.628571	34.15	0.302045816
961.3500366	139.408844	34.15	0.301310892
961.5	138.7100525	34.1328888	0.298963244
961.6500244	138.3398743	33.8620987	0.297713147
961.8	137.7260132	34.1648369	0.295630184
961.9500122	137.7318115	34.752399	0.295649918
962.1	138.4570313	35.0507278	0.298109274
962.250061	138.7291718	36.8377762	0.299027688
962.4	139.6230927	40.950901	0.302027512
962.5500488	140.3465881	41.0501175	0.304436576
962.7	140.806931	41.3333015	0.305960732
962.8500366	140.2389679	41.6285172	0.304079285
963	139.942627	41.9242668	0.303093548
963.1500244	139.4273987	43.5632019	0.301373013
963.3	139.290741	43.75	0.300915228
963.4500122	140.464035	43.75	0.304826071
963.6	141.9672089	42.2228889	0.309772768
963.750061	141.7606964	41.70018	0.309097352
963.9	141.1358185	41.4051018	0.307045553
964.0500488	140.064209	40.86985	0.303498313
964.2	138.7525787	40.75	0.299106568
964.3500366	138.3867035	40.750164	0.297871538
964.5	138.0901337	41.158905	0.296867226
964.6500244	137.058197	41.661301	0.293349917
964.8	137.0799561	42.1532021	0.293424449
964.9500122	137.3831177	42.644699	0.294461225
965.1	137.451691	43.1365967	0.29469531
965.250061	137.452209	43.6287155	0.294697078
965.4	138.7114258	44.1584015	0.298967873
965.5500488	140.0720367	44.35	0.303524356
965.7	138.5273285	44.35	0.298346744
965.8500366	137.4711151	44.3494186	0.294761589
966	136.5144958	42.9277153	0.291482382
966.1500244	135.91246	41.2584	0.289402774
966.3	136.1434937	40.5817833	0.290202294
966.4500122	136.16452	40.2868	0.290274968
966.6	135.88797	39.9915428	0.289317916
966.750061	135.6688538	39.85	0.288557764
966.9	135.48848	39.85	0.287930776
967.0500488	136.4471741	40.13813	0.291250446
967.2	137.464798	40.45	0.294740035
967.3500366	135.3424988	40.7194519	0.287422516
967.5	132.4210052	41.829121	0.277093184
967.6500244	131.7333527	43.5994	0.274617275
967.8	131.0912018	44.65	0.272289455
967.9500122	129.7347717	44.65	0.267321568
968.1	129.02623	44.42886	0.264698699
968.250061	128.5514069	43.8384438	0.262930145
968.4	128.2534332	43.45	0.261815802
968.5500488	128.0735931	43.450222	0.261141563
968.7	128.0324554	43.997299	0.260987154
968.8500366	128.3551178	45.6827316	0.262196467
969	128.8046875	47.2404289	0.26387462
969.1500244	129.2074585	48.55	0.265371408
969.3	129.411087	48.5499649	0.266125752
969.4500122	129.4317932	48.4609985	0.266202369
969.6	129.5812988	47.9445229	0.266755081
969.750061	129.9607849	47.0179482	0.268154171
969.9	130.3739319	46.3970985	0.269671131
970.0500488	130.8032532	46.0534515	0.271240646
970.2	131.19902	45.204201	0.27268137
970.3500366	130.917572	43.1114922	0.271657406
970.5	130.640152	42.85	0.270645197
970.6500244	130.9292755	42.85	0.271700045
970.8	130.5400543	42.9466515	0.270279265
970.9500122	129.8213348	44.05	0.267640685
971.1	129.087891	44.05	0.264927723
971.250061	128.1049652	44.030262	0.261259272
971.4	127.2917938	43.4450989	0.25819565
971.5500488	126.2129135	43.1497765	0.254090112
971.7	125.75621	42.85	0.252337945
971.8500366	125.9365616	42.8495255	0.253030894
972	126.4700851	41.6877327	0.255073017
972.1500244	127.2704544	40.7929	0.258114899
972.3	127.7377319	39.9074783	0.259878968
972.4500122	128.5231934	39.85	0.262824783
972.6	128.9194489	39.8503227	0.264301739
972.750061	129.6850433	40.649765	0.267138113
972.9	130.33461	41.7966	0.269527031
973.0500488	130.3377075	41.9505119	0.269538384
973.2	129.7106934	43.210701	0.267232751
973.3500366	129.5184784	44.4391861	0.266522943
973.5	129.0587769	44.65	0.264819605
973.6500244	127.7233887	44.65	0.259824949
973.8	128.2518921	43.9507637	0.26181003
973.9500122	127.4554749	42.3815	0.258814429
974.1	127.1948624	41.95	0.257828706
974.250061	127.172409	41.950386	0.257743652
974.4	128.166275	42.899601	0.261489196
974.5500488	130.9385223	44.4983978	0.271733729
974.7	132.6782227	46.2145	0.278014864
974.8500366	133.8342285	46.7725983	0.282127677
975	135.0535126	46.7722855	0.286414181
975.1500244	136.4988861	46	0.291428618
975.3	138.0440216	44.0702515	0.29671081
975.4500122	139.0235443	42.9698982	0.300018408
975.6	139.11824	42.85	0.30033651
975.750061	137.3420868	42.8497963	0.294321084
975.9	134.617661	42.3529015	0.284887901
976.0500488	132.8922577	41.3061447	0.278779979
976.2	132.33136	40.437901	0.276771395
976.3500366	132.797287	40.15	0.27844069
976.5	134.7687073	40.1502342	0.285417591
976.6500244	137.428833	40.716499	0.294617299
976.8	139.3145447	42.44519	0.30099501
976.9500122	139.8492432	44.1463013	0.302782338
977.1	139.6835022	44.65	0.302229302
977.250061	139.8151855	44.6498566	0.302668768
977.4	139.9970856	44.2969017	0.303274907
977.5500488	140.0668335	43.75	0.303507045
977.7	139.9693451	43.75	0.303182537
977.8500366	139.8743286	43.9566612	0.302865965
978	140.0975952	44.3502274	0.303609378
978.1500244	140.678299	44.9119	0.305535517
978.3	140.795441	46.238987	0.305922771
978.4500122	141	46.45	0.306597974
978.6	140.9564056	46.5292931	0.306454189
978.750061	139.7619629	46.75	0.302491215
978.9	138.0128326	46.75	0.296604974
979.0500488	137.412491	46.8150444	0.294561514
979.2	137.7080383	47.1701012	0.295569004
979.3500366	139.4283447	47.87014	0.301376179
979.5	139.4951782	48.9489136	0.301599841
979.6500244	140.5082245	49.4744	0.304972505
979.8	140.1709442	49.5737228	0.303853261
979.9500122	139.7578125	50.1139984	0.302477366
980.1	139.329071	49.4404716	0.301043689
980.250061	138.830307	49.123329	0.29936838
980.4	138.8479767	48.6987	0.29942787
980.5500488	138.0414581	46.75	0.296702112
980.7	138.7419128	46.75	0.299070627
980.8500366	138.9959564	46.7821159	0.29992568
981	138.6321564	48.0463982	0.298700561
981.1500244	137.8171539	48.0463982	0.295940233
981.3	137.8179474	48.0457611	0.295942931
981.4500122	139.78006	46.4877014	0.302551598
981.6	140.0029449	45.8736572	0.303294414
981.750061	140.1822815	45.283165	0.303890942
981.9	139.1750336	44.693001	0.300527151
982.0500488	138.17894	43.555241	0.297168266
982.2	136.6994476	42.9123	0.292118786
982.3500366	134.9297485	42.3218651	0.285981453
982.5	134.0788422	41.9907837	0.282991838
982.6500244	133.5145874	41.95	0.280995255
982.8	132.4425354	41.7002754	0.277170425
982.9500122	131.4977264	41.65	0.273764897
983.1	130.37941	41.4098778	0.269691202
983.250061	130.35762	41.35	0.269611361
983.4	131.4693756	41.35	0.273662199
983.5500488	132.7496033	41.5759087	0.278270214
983.7	134.4113159	42.091801	0.284162996
983.8500366	139.7633057	42.898632	0.302495696
984	142.0408173	44.20673	0.310013191
984.1500244	142.2029266	45.2694016	0.31054209
984.3	142.018539	45.9535141	0.309940443
984.4500122	141.329361	46.4875984	0.307682357
984.6	140.6163483	46.6646	0.305330543
984.750061	140.4104	46.6643982	0.304648253
984.9	140.4393463	46.1689	0.304744231
985.0500488	140.4686279	45.85	0.304841293
985.2	140.4975586	45.85	0.304937166
985.3500366	140.526535	47.5313377	0.305033164
985.5	140.5554962	49.340065	0.305129084
985.6500244	140.5844269	49.75	0.305224878
985.8	140.6133881	49.7491531	0.305320745
985.9500122	140.642334	47.6661987	0.305416536
986.1	140.6716156	44.685463	0.30551341
986.250061	140.7005768	43.6106339	0.305609198
986.4	140.7273865	43.45	0.305697846
986.5500488	140.1878357	43.45	0.303909401
986.7	138.5867615	43.45	0.298547387
986.8500366	137.1039734	43.5702667	0.293506698
987	136.5100861	43.98103	0.291467195
987.1500244	136.3071747	44.792	0.290767629
987.3	136.6025238	45.97324	0.291785424
987.4500122	136.5979462	47.052601	0.291769671
987.6	136.208847	48.034531	0.290428126
987.750061	135.7592621	48.85	0.288871606
987.9	135.30986	48.85	0.287308777
988.0500488	134.8852234	48.6863976	0.285825646
988.2	134.7831726	47.9427986	0.285468277
988.3500366	135.3686218	47.05	0.287513522
988.5	135.9213562	47.05	0.289433594
988.6500244	136.819839	47.05	0.29253242
988.8	137.7192841	47.05	0.295607282
988.9500122	138.3923035	47.05	0.297890474
989.1	138.0621185	46.8090782	0.296772204
989.250061	137.8425751	45.528347	0.296026663
989.4	137.3931732	45.4005013	0.294495561
989.5500488	136.8712463	45.4005432	0.292708894
989.7	135.8734436	45.505199	0.289267573
989.8500366	135.6068878	46.5787354	0.288342493
990	135.226181	47.6518326	0.287017006
990.1500244	134.8526611	48.7090988	0.285711656
990.3	134.6698	49.63546	0.285070833
990.4500122	136.2157288	55.1842	0.290451898
990.6	138.8200836	57.25	0.299333956
990.750061	136.1724548	57.25	0.290302389
990.9	136.1724548	57.25	0.290302389
991.0500488	135.8185577	57.25	0.289077291
991.2	135.8069916	57.25	0.28903718
991.3500366	136.6628723	54.4405136	0.291993025
991.5	137.3937988	51.764111	0.294497697
991.6500244	138.1954041	48.8368988	0.297224048
991.8	138.030609	48.2835846	0.2966653
991.9500122	137.5218048	48.25	0.294934493
992.1	137.2171936	48.25	0.293894166
992.250061	136.946991	48.2491951	0.292968752
992.4	136.3010712	46.272	0.290746564
992.5500488	135.35994	42.939518	0.287483279
992.7	134.80542	42.25	0.285546215
992.8500366	134.213989	42.25037	0.283468371
993	133.9321289	43.1630745	0.28247379
993.1500244	133.8203125	44.823601	0.282078451
993.3	134.12973	46.5732956	0.283171346
993.4500122	134.2537384	47.05	0.283608406
993.6	133.9356689	47.0499153	0.282486299
993.750061	133.548309	46.8457031	0.281114896
993.9	133.24942	46.3515015	0.280053053
994.0500488	133.45343	46.15	0.280778172
994.2	133.7297821	46.15	0.281758045
994.3500366	133.9096375	46.8896523	0.282394305
994.5	133.9796448	48.2515144	0.282641653
994.6500244	133.7660522	50.252701	0.281886448
994.8	133.6853485	51.25	0.281600679
994.9500122	133.851089	51.25	0.282187309
995.1	134.0505066	51.341835	0.282891844
995.250061	134.2501526	51.4212914	0.283595776
995.4	134.4494171	51.6374016	0.284296961
995.5500488	134.648819	52.2896423	0.284997232
995.7	134.8483887	52.8916016	0.285696697
995.8500366	135.047821	53.3238945	0.286394292
996	135.2471466	54.0465622	0.287090132
996.1500244	135.4467163	54.9317017	0.287785443
996.3	135.6461487	55.94059	0.288478901
996.4500122	135.8457031	56.8853989	0.289171413
996.6	136.0451355	57.7019043	0.289862137
996.750061	136.2447815	58.45	0.290552238
996.9	136.4620056	58.45	0.291301557
997.0500488	136.6159058	58.351231	0.291831469
997.2	136.5726471	57.6817017	0.291682601
997.3500366	136.4310913	56.65	0.291195015
997.5	136.0842285	56.6501274	0.289997374
997.6500244	135.757919	56.967	0.288866946
997.8	135.42775	58.0738487	0.287719423
997.9500122	135.2946167	59.1675987	0.287255645
998.1	135.6959076	60.7448845	0.288651707
998.250061	135.3306427	61.9321785	0.287381204
998.4	133.9266815	63.85	0.28245454
998.5500488	132.65181	63.849968	0.27792033
998.7	131.443161	63.7587013	0.273567214
998.8500366	130.9184875	63.208992	0.271660742
999	129.874115	62.95	0.267835121
999.1500244	128.4936218	62.95	0.262714315
999.3	127.699409	62.9500237	0.259734618
999.4500122	127.936142	62.9931984	0.260625385
999.6	127.7510147	63.6097069	0.259928986
999.750061	127.4671249	64.6059036	0.25885843
999.9	126.8690338	64.6059036	0.256592486
1000.050049	126.7422028	64.6059036	0.256110124
1000.2	126.6145325	64.6059036	0.255623915
1000.350037	126.48674	64.606079	0.255136579
1000.5	126.308701	65.039856	0.254456525
1000.650024	126.0411987	65.9144974	0.253432321
1000.8	125.7713318	66.2333069	0.252396098
1000.950012	125.501709	66.25	0.251357822
1001.1	125.8991776	66.25	0.252887367
1001.250061	126.6763382	66.25	0.255859373
1001.4	127.2439423	66.25	0.25801455
1001.550049	127.7046356	66.5092163	0.259754308
1001.7	128.076355	66.55	0.261151927
1001.850037	128.6641541	66.5497055	0.263350884
1002	129.0700684	65.81543	0.264861541
1002.150024	129.2102051	65.65	0.265381593
1002.3	129.2286987	65.6502838	0.265450167
1002.450012	129.7198334	66.3415985	0.267266468
1002.6	130.21196	66.7757339	0.269077187
1002.750061	130.6615143	66.85	0.270723243
1002.9	131.045105	66.85	0.272121763
1003.050049	131.2758636	66.4273453	0.272960429
1003.2	131.3428955	66.0435028	0.273203677
1003.350037	131.3611755	64.9408188	0.273269983
1003.5	131.379181	62.2838821	0.273335282
1003.650024	131.397141	60.7659	0.273400403
1003.8	131.414841	59.8006973	0.27346457
1003.950012	131.477005	58.8027	0.273689839
1004.1	131.7830353	58.094696	0.274796741
1004.250061	131.81134	57.85	0.274898943
1004.4	131.74675	57.85	0.274665678
1004.550049	131.637558	58.1772919	0.274270985
1004.7	131.4645081	59.8764	0.273644564
1004.850037	131.5617371	62.4914055	0.273996659
1005	131.5591888	64.726471	0.273987435
1005.150024	131.3096619	66.6259	0.273083098
1005.3	131.0480347	68.52652	0.272132423
1005.450012	130.7497559	69.5607986	0.271045449
1005.6	130.984787	69.5607452	0.271902216
1005.750061	131.8170319	69.4309769	0.274919492
1005.9	132.2801514	68.4097977	0.276587446
1006.050049	132.475708	66.803688	0.2772894
1006.2	132.9025574	66.029	0.278816756
1006.350037	133.313141	64.9094315	0.280279699
1006.5	133.37001	63.24688	0.28048185
1006.650024	133.1024933	62.4578018	0.279529902
1006.8	132.8197784	62.05	0.278521071
1006.950012	133.1729126	62.05	0.279780735
1007.1	133.8882751	62.8676376	0.282318793
1007.250061	133.8882751	65.65181	0.282318793
1007.4	133.8882751	67.3952026	0.282318793
1007.550049	133.8882751	67.395134	0.282318793
1007.7	133.8882751	67.2193985	0.282318793
1007.850037	133.9059753	66.1459656	0.282381361
1008	133.9473267	64.343895	0.282527489
1008.150024	133.7529449	63.85	0.281840051
1008.3	133.4699554	63.58934	0.280836843
1008.450012	133.1338959	61.9730988	0.27964178
1008.6	133.0671387	61.2134361	0.279403901
1008.750061	133.7937775	59.35	0.281984568
1008.9	133.7608643	59.325901	0.281868084
1009.050049	133.71727	59.05	0.281713739
1009.2	133.67308	59.05	0.281557216
1009.350037	133.5815582	59.05	0.28123282
1009.5	132.609024	59.05	0.277767142
1009.650024	132.609024	59.05	0.277767142
1009.8	131.5122681	59.6503563	0.273817561
1009.950012	130.52359	60.5357018	0.27021904
1010.1	131.0385284	63.1381378	0.272097832
1010.250061	131.362915	65.2059631	0.273276292
1010.4	131.8601379	67.313797	0.275075073
1010.550049	132.2993622	67.4501038	0.276656466
1010.7	131.5913086	67.7212982	0.274103676
1010.850037	131.269119	68.0168381	0.272935944
1011	131.2386475	69.0967636	0.272825305
1011.150024	131.2386475	69.25	0.272825305
1011.3	130.5475922	69.2497025	0.270306835
1011.450012	130.362961	68.5082016	0.269630933
1011.6	130.6274719	64.7137451	0.270598863
1011.750061	131.26059	63.85	0.27290498
1011.9	131.9659119	63.85	0.275456551
1012.050049	132.56337	65.903259	0.277603613
1012.2	133.448761	66.55	0.280761593
1012.350037	133.4394226	66.549919	0.280728433
1012.5	133.7307587	66.3355026	0.281761503
1012.650024	133.8882751	64.3697968	0.282318793
1012.8	133.8880768	63.55	0.282318092
1012.950012	133.4027252	63.55	0.28059809
1013.1	132.387146	65.4947281	0.276971678
1013.250061	131.62291	66.55	0.274218004
1013.4	131.3651428	66.55	0.273284372
1013.550049	131.2753143	65.64859	0.272958435
1013.7	131.493469	62.4217987	0.273749477
1013.850037	131.7902832	60.55	0.274822914
1014	131.62558	60.55	0.274227662
1014.150024	131.225235	60.55	0.272776595
1014.3	130.9129639	61.0185318	0.271640616
1014.450012	130.5052948	61.601299	0.270152105
1014.6	130.769165	62.0432014	0.27111628
1014.750061	131.2869415	62.7752953	0.27300064
1014.9	131.6138611	63.25	0.274185271
1015.050049	132.0808258	63.5236359	0.275870526
1015.2	132.1225739	64.1015015	0.276020803
1015.350037	132.161301	64.67395	0.276160149
1015.5	132.2003021	65.2855377	0.276300425
1015.650024	132.2390137	65.8756027	0.276439604
1015.8	132.2777252	66.683189	0.276578729
1015.950012	132.3164215	68.3797	0.276717744
1016.1	132.3551483	70.15	0.276856814
1016.250061	132.39386	70.1499634	0.276995775
1016.4	132.4328613	70.0610962	0.277135721
1016.550049	132.4715576	69.6815643	0.277274517
1016.7	132.432251	69.091499	0.277133531
1016.850037	132.0847931	68.649971	0.27588481
1017	131.3489532	68.5802383	0.273225651
1017.150024	130.5272522	68.4148026	0.270232437
1017.3	130.80043	68.5898514	0.271230348
1017.450012	131.7406616	68.2396011	0.274643682
1017.6	132.4361115	67.6993713	0.277147381
1017.750061	132.9252014	67.1286087	0.278897597
1017.9	133.1448669	64.6955032	0.279680858
1018.050049	133.0108948	60.2601471	0.27920336
1018.2	132.609024	58.15	0.277767142
1018.350037	132.512039	58.1500473	0.277419658
1018.5	131.5696716	58.2591858	0.274025376
1018.650024	132.3414154	59.7006	0.276807505
1018.8	133.1558685	60.59877	0.279720041
1018.950012	133.9690552	61.7571983	0.282604249
1019.1	134.783493	62.05	0.285469399
1019.250061	135.603729	62.05	0.288331516
1019.4	136.42421	62.05	0.291171295
1019.550049	137.2380676	62.6360741	0.293965555
1019.7	138.051849	63.8021011	0.296737366
1019.850037	138.8663025	63.8502731	0.299489557
1020	139.6775665	64.521843	0.30220948
1020.150024	140.9867554	65.3663025	0.306554296
1020.3	135.9358215	66.166229	0.289483702
1020.450012	132.6943817	66.25	0.278072685
1020.6	132.9666443	66.25	0.279045503
1020.750061	133.1436462	66.25	0.27967651
1020.9	133.1573639	66.25	0.279725366
1021.050049	133.1577	66.7397385	0.279726563
1021.2	133.961731	66.85	0.282578377
1021.350037	133.0877228	66.8500977	0.279477266
1021.5	132.721756	67.0811615	0.278170617
1021.650024	132.6315918	68.9561	0.277847951
1021.8	132.541901	69.5500946	0.277526686
1021.950012	132.38623	69.766098	0.27696839
1022.1	132.2706757	70.06134	0.276553398
1022.250061	132.1807556	70.1502457	0.276230128
1022.4	132.0908661	70.7550964	0.275906673
1022.550049	132.0610046	71.246941	0.275799155
1022.7	132.0610046	71.35	0.275799155
1022.850037	131.8896484	71.3497772	0.275181545
1023	131.731171	70.8022385	0.274609392
1023.150024	131.6412964	69.917	0.274284506
1023.3	131.6040344	68.6856384	0.27414972
1023.450012	131.3992767	68.05	0.273408146
1023.6	131.2387543	68.05	0.272825693
1023.750061	131.5283051	68.05	0.273875631
1023.9	131.740036	68.05	0.274641422
1024.050049	131.514191	65.2209015	0.273824524
1024.2	131.2861633	60.7630424	0.272997815
1024.350098	131.2386475	57.3758316	0.272825305
1024.5	131.2386475	55.45	0.272825305
1024.650024	131.19902	55.45	0.27268137
1024.8	131.0329132	56.0749016	0.272077398
1024.950073	130.8	57.05064	0.271228779
1025.1	130.6902618	57.3403854	0.270828244
1025.25	130.6229553	57.6960983	0.270582357
1025.4	130.507431	58.0525017	0.270159922
1025.550049	130.446167	58.644199	0.269935695
1025.7	129.70874	59.6393661	0.267225545
1025.850098	128.43396	60.7073517	0.26249134
1026	128.5237885	61.75	0.262827005
1026.150024	128.6383972	61.75	0.26325481
1026.3	128.8886414	61.4424019	0.26418713
1026.450073	129.272522	60.4775162	0.26561261
1026.6	129.4318542	60.25	0.266202595
1026.75	129.5217133	60.25	0.2665349
1026.9	129.769516	60.25	0.267449688
1027.050049	130.507431	60.25	0.270159922
1027.2	130.5224915	60.10495	0.270215021
1027.350098	130.665359	59.1753654	0.270737288
1027.5	131.055771	58.15	0.272160571
1027.650024	131.0761871	58.15	0.272234843
1027.8	131.2913818	58.4091988	0.273016757
1027.950073	131.7943726	60.923172	0.274837681
1028.1	131.890152	61.75	0.275183362
1028.25	132.0610046	61.75	0.275799155
1028.4	132.051849	61.5351982	0.275766184
1028.550049	131.7839355	55.115799	0.274799991
1028.7	131.604111	53.0421982	0.274149997
1028.850098	131.603821	48.248558	0.274148948
1029	131.244141	46.4779015	0.272845254
1029.150024	131.2386475	45.5786018	0.272825305
1029.3	131.8473358	42.4084015	0.275028874
1029.450073	132.3917236	41.6880646	0.276988108
1029.6	132.4264526	41.65	0.277112729
1029.75	132.4264526	41.65	0.277112729
1029.9	132.7507629	42.4488983	0.27827436
1030.050049	132.4730835	43.684299	0.277279989
1030.2	132.2681885	44.9363136	0.27654446
1030.350098	129.9391632	46.1840134	0.268074604
1030.5	129.427231	47.430599	0.26618549
1030.650024	129.337311	48.6764984	0.265852633
1030.8	128.5957336	49.577801	0.263095618
1030.950073	128.2637329	49.9829559	0.261854379
1031.1	127.8061447	50.05	0.260136512
1031.25	127.6072617	50.05	0.25938729
1031.4	127.317711	49.6834984	0.258293698
1031.550049	126.6977386	49.095501	0.255940865
1031.7	126.3592072	48.4505348	0.254649574
1031.850098	125.3717575	47.636425	0.250856328
1032	124.8732071	45.9546013	0.248925873
1032.150024	124.6059036	45.25	0.247886565
1032.3	124.6503983	45.25	0.248059773
1032.450073	124.8077469	45.4352417	0.248671632
1032.6	124.89772	45.7303429	0.249021032
1032.75	125.0408478	46.0253983	0.249576155
1032.9	125.4800644	46.490799	0.251274342
1033.050049	125.95829	46.75	0.253114289
1033.2	126.1708221	46.7501259	0.253928983
1033.350098	126.2607651	46.9063148	0.254273204
1033.5	126.3965988	47.05	0.254792428
1033.650024	126.6657333	48.075199	0.255818983
1033.8	127.5859222	50	0.259306808
1033.950073	128.4093475	50.95	0.262399314
1034.1	132.351944	50.949482	0.276845309
1034.25	137.3992615	50.3135986	0.294516348
1034.4	137.6010437	47.3667984	0.295204606
1034.550049	137.9247437	43.9970016	0.296305884
1034.7	138.1254272	43.45	0.296986897
1034.850098	137.52298	43.4505463	0.2949385
1035	136.3553162	44.1204987	0.29093373
1035.150024	136.3852081	46.2276	0.291036826
1035.3	136.6750641	48.7232018	0.29203495
1035.450073	137.2042236	51.1437073	0.293849801
1035.6	136.4978638	52.75	0.291425096
1035.75	134.5036621	52.75	0.2844876
1035.9	134.300369	52.377701	0.283772612
1036.050049	133.87822	51.25	0.282283245
1036.2	133.7749786	51.250099	0.281918041
1036.350098	133.5227051	51.3712158	0.28102406
1036.5	133.3884125	52.1260986	0.28054724
1036.650024	132.9150543	53.7542	0.278861373
1036.8	133.5365448	55.75	0.281073162
1036.950073	133.6504211	55.75	0.28147693
1037.1	133.9103851	55.75	0.282396947
1037.25	134.0998077	55.75	0.283065806
1037.4	134.3774872	55.9345016	0.28404401
1037.550049	134.72403	57.85	0.285261
1037.7	134.9766235	57.85	0.286145409
1037.850098	136.3553314	57.849979	0.290933783
1038	136.37027	57.828701	0.290985309
1038.150024	136.993271	56.95	0.29312743
1038.3	136.8122253	56.95	0.292506276
1038.450073	136.5350952	56.9504814	0.29155332
1038.6	130.4712677	57.5358086	0.270027581
1038.75	130.2370758	57.55	0.269169351
1038.9	126.611481	57.55	0.255612286
1039.050049	126.3959885	56.4359016	0.254790097
1039.2	126.8127518	55.3934288	0.256378515
1039.350098	126.9349823	55.301399	0.256843044
1039.5	127.0650253	55.301399	0.257336604
1039.650024	127.232666	56.3319016	0.25797186
1039.8	127.45639	56.626301	0.258817886
1039.950073	127.9487534	56.65	0.260672776
1040.1	128.09021	56.65	0.261203914
1040.25	128.2720337	56.65	0.261885465
1040.4	128.3945618	56.65	0.262344019
1040.550049	128.5487823	56.65	0.262920345
1040.7	128.864059	57.101841	0.264095653
1040.850098	129	57.4015083	0.26460123
1041	129.5643768	58.3881989	0.266692564
1041.150024	129.776825	58.9143982	0.267476634
1041.3	129.776825	59.2358017	0.267476634
1041.450073	129.899429	59.35	0.267928337
1041.6	130.0014038	59.349529	0.2683036
1041.75	129.9237366	58.773899	0.268017823
1041.9	129.0696869	58.2627983	0.264860124
1042.050049	128.5332489	58.15	0.262862338
1042.2	128.4975281	58.15	0.26272891
1042.350098	128.4448242	58.15	0.262531953
1042.5	128.4061432	58.15	0.262387331
1042.650024	128.4061432	57.9866982	0.262387331
1042.8	128.5024567	57.691601	0.262747322
1042.950073	128.6357117	56.779659	0.263244792
1043.1	128.7257538	55.0046158	0.263580546
1043.25	128.9471588	51.211399	0.264404794
1043.4	129.1794128	47.415199	0.265267387
1043.550049	129.3513336	45.508499	0.265904561
1043.7	129.5419464	43.8308182	0.266609681
1043.850098	129.317459	42.993248	0.265779105
1044	128.9038849	42.6843987	0.264243843
1044.150024	128.0909882	42.0891	0.261206834
1044.3	126.7010956	41.2254982	0.255953647
1044.450073	126.3284531	41.0122986	0.254532035
1044.6	126.121666	41.0123062	0.253740718
1044.75	126.121666	41.0243988	0.253740718
1044.9	126.0661926	41.5978012	0.25352814
1045.050049	126	42.85	0.253274321
1045.2	126.2181549	42.85	0.254110171
1045.350098	126.4161911	42.85	0.254867258
1045.5	126.521561	42.85	0.255269434
1045.650024	126.5474777	42.85	0.255368284
1045.8	126.121666	42.85	0.253740718
1045.950073	125.980278	42.9080963	0.253198661
1046.1	125.27755	43.15	0.250492335
1046.25	124.751289	43.15	0.248452212
1046.4	124.7250748	43.15	0.248350287
1046.550049	124.5684052	43.15	0.247740527
1046.7	124.7648621	43.2179489	0.248504975
1046.850098	126.4473877	43.8963013	0.254986376
1047	127.8175735	45.25	0.260179519
1047.150024	128.4238281	45.25	0.26245346
1047.3	128.6847382	45.25	0.263427644
1047.450073	128.7928467	45.2500114	0.263830521
1047.6	129.41745	45.265316	0.266149298
1047.75	129.776825	46.15	0.267476634
1047.9	130.141983	47.35	0.268820277
1048.050049	130.771698	47.645401	0.271125523
1048.2	130.9592133	47.940506	0.271809092
1048.350098	131.400116	47.95	0.273411189
1048.5	131.6778717	47.95	0.274416757
1048.650024	131.6178131	47.95	0.274199567
1048.8	131.1917114	47.6787987	0.272654817
1048.950073	130.7412415	46.583691	0.271014372
1049.1	130.7693024	46.45	0.271116781
1049.25	130.0773621	46.45	0.268582866
1049.4	129.7024536	46.8116989	0.267202353
1049.550049	129.3784485	47.514801	0.26600495
1049.7	129.024231	47.8924446	0.264691272
1049.850098	128.5923157	47.9504547	0.263082862
1050	128.5161743	48.5075989	0.262798565
1050.150024	128.5493927	48.805401	0.262922624
1050.3	128.5853729	48.983601	0.263056948
1050.450073	128.6216888	49.16188	0.263192474
1050.6	128.6667633	49.3823776	0.263360615
1050.75	129.44368	50.7033	0.266246345
1050.9	129.2172241	51.6581	0.265407621
1051.050049	128.7722015	51.85	0.26375362
1051.2	128.2653656	51.85	0.261860493
1051.350098	128.3299866	51.85	0.262102424
1051.5	129.1169434	51.85	0.26503558
1051.650024	129.557373	51.85	0.266666686
1051.8	129.4872742	52.3758011	0.266407579
1051.950073	128.6305237	52.7504044	0.263225437
1052.1	127.181801	53.2475281	0.257779232
1052.25	126.4874268	53.65	0.2551392
1052.4	126.4874268	53.65	0.2551392
1052.550049	127.2088852	54.2554016	0.257881814
1052.7	128.8262634	54.996624	0.26395496
1052.850098	130.0790863	55.15	0.268589203
1053	130.3327942	55.15	0.269520375
1053.150024	129.7509155	54.4897	0.267381104
1053.3	129.02092	52.7598	0.26467897
1053.450073	128.71315	50.3231583	0.263533568
1053.6	128.066971	48.55	0.261116711
1053.75	127.38446	48.55	0.258546096
1053.9	127.3399582	48.6581	0.258377841
1054.050049	128.3180542	49.263	0.262057763
1054.2	131.38121	51.5320625	0.273342639
1054.350098	133.9054565	54.9255676	0.282379527
1054.5	134.0473785	55.75	0.282880803
1054.650024	133.1098175	55.75	0.279555999
1054.8	132.3002625	55.7005	0.2766597
1054.950073	131.5134277	55.5627975	0.27382176
1055.1	130.9600525	55.56295	0.271812148
1055.25	130.9396515	55.750401	0.271737843
1055.4	130.9125061	56.605801	0.271638948
1055.550049	130.8872223	57.4019012	0.271546811
1055.7	130.6877441	57.85	0.270819049
1055.850098	129.762619	57.84993	0.267424259
1056	129.5360413	57.7683983	0.266587857
1056.150024	128.5948181	57.1777	0.263092201
1056.3	128.6435852	56.5875015	0.263274164
1056.450073	128.6902466	55.808342	0.263448183
1056.6	128.7365875	53.152462	0.263620923
1056.75	128.7831879	50.65	0.263794545
1056.9	128.8295135	50.65	0.26396706
1057.050049	128.8761444	50.7013016	0.264140628
1057.2	128.922821	52.75	0.264314282
1057.350098	128.9694519	52.75	0.264487681
1057.5	129.0163574	52.75	0.264662016
1057.650024	129.0629883	54.2146	0.264835246
1057.8	129.109314	54.826099	0.265007259
1057.950073	129.39476	56.55048	0.266065328
1058.1	129.5809021	56.6504478	0.266753615
1058.25	129.67746	57.197701	0.267110129
1058.4	129.3577271	57.25	0.265928234
1058.550049	128.6761932	56.7218018	0.263395781
1058.7	127.01004	54.3153534	0.257127998
1058.850098	127.61409	52.4221764	0.259413039
1059	127.3862839	52.15	0.25855299
1059.150024	127.0857468	51.905201	0.257415187
1059.3	126.962616	51.61	0.256947981
1059.450073	127.0876236	51.55	0.257422304
1059.6	127.1274033	51.55	0.25757311
1059.75	127.7456436	51.55	0.259908761
1059.9	127.881889	51.770901	0.26042144
1060.050049	128.1330414	53.2375984	0.261364581
1060.2	128.46463	53.7768974	0.262605981
1060.350098	128.778259	53.7766685	0.263776185
1060.5	129.0916443	53.4897	0.264941659
1060.650024	129.4046631	53.1533012	0.266101979
1060.8	129.7183075	53.05	0.267260839
1060.950073	130.0830688	53.0504456	0.268603838
1061.1	130.3447418	53.598671	0.269564166
1061.25	130.4163055	54.6604	0.26982635
1061.4	130.3108368	55.668499	0.269439882
1061.550049	130.8482056	56.05	0.271404583
1061.7	131.1808014	56.0497437	0.272615176
1061.850098	131.24678	55.7324753	0.272854837
1062	128.5195313	55.45	0.262811104
1062.150024	128.6134033	55.3011017	0.263161558
1062.3	131.424881	55.006001	0.273500963
1062.450073	131.3300629	54.85	0.273157122
1062.6	131.2888947	54.85	0.27300773
1062.75	131.2386475	54.85	0.272825305
1062.9	131.2386475	54.974701	0.272825305
1063.050049	130.726593	55.15	0.2709609
1063.2	130.0296021	55.1497345	0.268407298
1063.350098	130.141983	54.817318	0.268820277
1063.5	130.141983	53.615299	0.268820277
1063.650024	130.141983	52.45	0.268820277
1063.8	130.141983	52.45	0.268820277
1063.950073	130.141983	52.4503517	0.268820277
1064.1	130.141983	52.8842354	0.268820277
1064.25	130.141983	54.031601	0.268820277
1064.4	129.697281	54.25	0.267183268
1064.550049	128.4061432	54.3219986	0.262387331
1064.7	128.4061432	54.55	0.262387331
1064.850098	128.4006348	54.5500412	0.262366732
1065	128.374451	54.605301	0.262268796
1065.150024	128.34549	54.837799	0.262160442
1065.3	128.3165283	54.837799	0.262052052
1065.450073	128.2875366	54.7957764	0.261943516
1065.6	128.258606	54.3946228	0.261835177
1065.75	128.22966	53.080299	0.261726747
1065.9	128.2006989	50.7771988	0.261618228
1066.050049	128.1717529	49.1017	0.261509732
1066.2	128.1427612	48.55	0.261401032
1066.350098	128.1138153	48.5500221	0.26129247
1066.5	128.0848846	48.5786018	0.261183933
1066.650024	128.05928	49.4891014	0.261087847
1066.8	128.2232666	51.85	0.261702793
1066.950073	128.0405273	54.2512016	0.261017457
1067.1	127.8606339	55.7268181	0.260341508
1067.25	127.5926285	55.75	0.259332103
1067.4	127.5837936	55.75	0.259298779
1067.550049	127.412491	53.7832985	0.258652037
1067.7	127.6534424	52.5442963	0.2595614
1067.850098	127.840469	50.8195267	0.260265658
1068	127.8742676	48.517799	0.260392781
1068.150024	127.89225	47.944599	0.260460398
1068.3	127.9105377	47.8998985	0.260529149
1068.450073	127.92836	47.9001312	0.260596138
1068.6	127.72	48.1887474	0.259812185
1068.75	127.6752319	48.492599	0.259643521
1068.9	127.6752319	49.0250015	0.259643521
1069.050049	127.4624786	49.6157	0.258840882
1069.2	126.3588638	49.9780579	0.254648261
1069.350098	125.6902847	50.05	0.252084313
1069.5	125.5736389	50.05	0.251635106
1069.650024	125.7190247	50.040501	0.252194905
1069.8	125.5605316	50.0460014	0.251584594
1069.950073	125.0156479	50.1705475	0.249478479
1070.1	124.4053574	50.2275238	0.247104847
1070.25	125.1783142	50.7478981	0.250108516
1070.4	125.6227112	51.0306015	0.251824153
1070.550049	125.5736389	51.0306015	0.251635106
1070.7	125.5736389	50.982029	0.251635106
1070.850098	125.5742722	50.77446	0.251637547
1071	126.3527069	50.4795	0.254624734
1071.150024	126.5410767	48.3639984	0.255343873
