Depth(m)	Sonic	Density	Gamma_Ray	P_Impedance	Vp	Vc
946.5	134.4950256	2.196181	53.3498459	4977098.945	2266.251709	0.086286879
946.6500244	134.2427521	2.19762	52.975399	4989718.208	2270.51001	0.084937534
946.8	133.9043121	2.199571	52.74971	5006777.248	2276.251709	0.084129449
946.9500122	133.6346741	2.20115	52.0393982	5020471.159	2280.840088	0.08161145
947.1	133.2068787	2.2035913	51.55	5042197.789	2288.172852	0.079898679
947.250061	132.7698517	2.20613	51.5499344	5064616.842	2295.701904	0.079898451
947.4	132.5096741	2.20764	51.3867989	5078035.518	2300.209961	0.079331488
947.5500488	132.0886078	2.210051	51.2498779	5099786.565	2307.54248	0.078857155
947.7	131.740036	2.21206	50.9427986	5117932.403	2313.649902	0.077798379
947.8500366	131.6502686	2.212599	49.011425	5122670.138	2315.227539	0.071296162
948	132	2.2105885	47.35	5104481.455	2309.105225	0.065913537
948.1500244	132.680969	2.20661	47.35	5069112.756	2297.24	0.065913537
948.3	134.040451	2.198756	47.7537041	4999813.86	2273.928467	0.067203919
948.4500122	135.7451172	2.18891	48.25	4914934.479	2245.379883	0.068805589
948.6	136.2258759	2.186151	48.2499542	4891432.27	2237.463135	0.068805441
948.750061	135.7327728	2.1890242	48.1295013	4915657.459	2245.593018	0.068415147
948.9	133.8474274	2.2	47.1432	5009883.936	2277.219971	0.065256831
949.0500488	131.5417023	2.2132514	45.297184	5128422.297	2317.144043	0.059521517
949.2	130.9646454	2.2166	44.0331	5158804.227	2327.350098	0.055722694
949.3500366	130.9338379	2.21677	43.2352219	5160397.018	2327.890137	0.053377211
949.5	130.90242	2.21694	42.7880745	5162034.916	2328.450439	0.052080136
949.6500244	130.8430176	2.2173	42.7165985	5165222.545	2329.51001	0.051873947
949.8	130.4890442	2.219331	42.6659966	5183984.438	2335.832031	0.051728164
949.9500122	130.2279358	2.22081	42.666	5197828.035	2340.51001	0.051728174
950.1	129.9669189	2.222311	42.9441872	5211789.692	2345.21167	0.052531576
950.250061	129.7271881	2.22374	43.8944855	5224786.797	2349.549316	0.05531234
950.4	129.8191986	2.2232	44.35	5219806.555	2347.879883	0.056665424
950.5500488	130.7133789	2.2180288	44.34993	5172035.945	2331.816406	0.056665215
950.7	131.2	2.21519	44.1771011	5146262.779	2323.169922	0.056150285
950.8500366	131.4859161	2.21353	43.23814	5131225.721	2318.118897	0.053385716
951	131.6692963	2.212472	42.1053963	5121619.888	2314.885742	0.050123595
951.1500244	130.8582611	2.21714	41.35	5164251.174	2329.24	0.047991655
951.3	129.5325165	2.2247827	41.35	5235110.86	2353.088623	0.047991655
951.4500122	128.3851166	2.23145	41.35	5297707.999	2374.110107	0.047991655
951.6	127.3488083	2.2374334	41.379009	5355142.801	2393.431152	0.048072893
951.750061	125.8913116	2.2458732	41.65	5437573.746	2421.140137	0.048834221
951.9	124.5745087	2.25347	41.65	5513632.608	2446.72998	0.048834221
952.0500488	124.6644516	2.25297	41.6060219	5508419.793	2444.959229	0.048710368
952.2	124.763176	2.25233	40.6824989	5502509.825	2443.030029	0.046136213
952.3500366	125.1245422	2.2502589	38.6399612	5481577.94	2435.976563	0.040620275
952.5	125.5736389	2.2477	38.04879	5455752.873	2427.260254	0.039068216
952.6500244	125.5736389	2.2477	36.55	5455752.324	2427.26001	0.035220064
952.8	125.5737915	2.247699	35.6642914	5455743.86	2427.257324	0.033003277
952.9500122	125.9275131	2.24567	35.65	5435509.363	2420.439941	0.032967851
953.1	127.3312912	2.2375073	35.650116	5356035.285	2393.750977	0.032968138
953.250061	128.5142975	2.2307217	35.93182	5290655.919	2371.723877	0.033668441
953.4	132.1204376	2.20987	38.434601	5098147.991	2306.99	0.040078899
953.5500488	136.8874817	2.1823351	39.7354965	4859265.868	2226.635986	0.043548849
953.7	139.0653076	2.16974	41.4492989	4755592.8	2191.780029	0.048269943
953.8500366	141.9091187	2.15332	41.65	4625006.995	2147.849365	0.048834221
954	141.9915314	2.152901	41.6498985	4621422.227	2146.602295	0.048833935
954.1500244	141.6237946	2.15496	41.3979	4637861.665	2152.179932	0.048125823
954.3	141.7893066	2.15406	40.855061	4630517.466	2149.669678	0.046613347
954.4500122	141.8374634	2.1538	40.022499	4628386.846	2148.939941	0.044327463
954.6	138.8721466	2.1708989	39.85	4764733.002	2194.820313	0.043858915
954.750061	143.6226959	2.143425	39.85	4548826.143	2122.223145	0.043858915
954.9	141.481461	2.15579	39.85	4644326.397	2154.350098	0.043858915
955.0500488	134.0750885	2.1985576	39.85	4998212.979	2273.405518	0.043858915
955.2	126.5054169	2.24228	39.85	5402504.324	2409.379883	0.043858915
955.3500366	124.9856339	2.2510786	40.063633	5489671.198	2438.684815	0.044439448
955.5	125.6397324	2.2473185	40.15	5451961.213	2425.985107	0.044674898
955.6500244	126.2734528	2.24368	40.15	5415817.352	2413.810059	0.044674898
955.8	126.9073944	2.2399786	40.1496849	5379858.212	2401.745361	0.044674038
955.9500122	127.5411148	2.2363	39.3720016	5344354.619	2389.820068	0.042569547
956.1	128.1750641	2.2326584	38.5702324	5309251.319	2377.995361	0.040436187
956.250061	128.8090363	2.2290187	37.4251213	5274516.175	2366.295166	0.037451955
956.4	129.4427643	2.22538	36.489799	5240124.453	2354.709961	0.035068058
956.5500488	130.0767212	2.2216783	36.25	5205892.894	2343.225342	0.034464508
956.7	130.7101288	2.218	36.25	5172109.58	2331.879883	0.034464508
956.8500366	131.3443756	2.2143586	36.58131	5138674.842	2320.615479	0.035299199
957	131.9783478	2.2107186	36.85	5105577.966	2309.465332	0.03598048
957.1500244	132.611771	2.20708	36.85	5072840.826	2298.439941	0.03598048
957.3	133.245697	2.2033782	36.093361	5040217.95	2287.495606	0.03407193
957.4500122	133.8797455	2.19969	34.763901	5007968.061	2276.669922	0.030792346
957.6	134.5136871	2.1960487	33.7245369	4976127.331	2265.945801	0.028292507
957.750061	135.147659	2.1924086	32.8388939	4944574.014	2255.315918	0.026205774
957.9	135.7810822	2.18877	32.0858	4913329.094	2244.790039	0.02446216
958.0500488	136.3877716	2.1852577	30.98558	4883598.543	2234.792969	0.021964778
958.2	137.4669342	2.17901	29.4601	4831431.734	2217.26001	0.018597835
958.3500366	138.906891	2.1707175	28.6322269	4763148.28	2194.273682	0.01681604
958.5	139.8748169	2.1650884	28.45	4717935.358	2179.095947	0.016428056
958.6500244	140.526825	2.16132	28.45	4687859.81	2168.97998	0.016428056
958.8	140.4376373	2.161871	28.4500389	4692044.909	2170.363037	0.016428139
958.9500122	139.986099	2.16446	28.548401	4712808.858	2177.360107	0.016637376
959.1	139.3129578	2.168349	28.8437557	4744081.862	2187.877441	0.01726831
959.250061	139.67807	2.166199	29.2280941	4726988.389	2182.157959	0.018095315
959.4	139.9763489	2.16452	30.196199	4713263.967	2177.51001	0.020208804
959.5500488	139.7332764	2.1659427	31.5977	4724586.252	2181.307129	0.023346975
959.7	138.6157227	2.17238	31.5977	4776802.68	2198.879883	0.023346975
959.8500366	139.247818	2.1687183	31.5977	4747120.512	2188.906006	0.023346975
960	139.850647	2.165219	31.597784	4719022.919	2179.466797	0.023347166
960.1500244	140.321991	2.16254	31.808399	4697361.05	2172.149902	0.023826942
960.3	140.7937012	2.159779	32.8716583	4675635.217	2164.867432	0.026282271
960.4500122	141.2327423	2.15723	34.001301	4655604.121	2158.139893	0.028952754
960.6	141.0540771	2.1583054	34.841511	4663828.181	2160.875	0.030981248
960.750061	138.7059021	2.17185	35.35	4772533.267	2197.450684	0.032226688
960.9	138.621521	2.17237	35.35	4776585.517	2198.790039	0.032226688
961.0500488	139.2093353	2.168909	35.22456	4748842.141	2189.507324	0.03191819
961.2	139.628571	2.1665	34.15	4729317.697	2182.929932	0.029309106
961.3500366	139.408844	2.1678016	34.15	4739626.694	2186.374756	0.029309106
961.5	138.7100525	2.171821	34.1328888	4772342.816	2197.392334	0.029268042
961.6500244	138.3398743	2.17395	33.8620987	4789798.86	2203.27002	0.028620186
961.8	137.7260132	2.1775	34.1648369	4819003.666	2213.090088	0.029344724
961.9500122	137.7318115	2.17747	34.752399	4818741.11	2213	0.030764377
962.1	138.4570313	2.1733	35.0507278	4784319.917	2201.407959	0.031492044
962.250061	138.7291718	2.1717079	36.8377762	4771425.706	2197.084473	0.035949401
962.4	139.6230927	2.16652	40.950901	4729556.534	2183.02002	0.046879106
962.5500488	140.3465881	2.162369	41.0501175	4696161.831	2171.76709	0.047154801
962.7	140.806931	2.15975	41.3333015	4675145.864	2164.669922	0.047944915
962.8500366	140.2389679	2.163031	41.6285172	4701200.543	2173.431885	0.048773706
963	139.942627	2.1646712	41.9242668	4714726.276	2178.033447	0.049609255
963.1500244	139.4273987	2.16767	43.5632019	4738700.203	2186.080078	0.054336519
963.3	139.290741	2.1684372	43.75	4745023.41	2188.222656	0.054885897
963.4500122	140.464035	2.16167	43.75	4690715.711	2169.949951	0.054885897
963.6	141.9672089	2.152971	42.2228889	4622366.713	2146.971191	0.050458295
963.750061	141.7606964	2.1541815	41.70018	4631714.268	2150.104004	0.048975682
963.9	141.1358185	2.1578	41.4051018	4660028.289	2159.620117	0.048146007
964.0500488	140.064209	2.1640229	40.86985	4709234.524	2176.148193	0.046654321
964.2	138.7525787	2.1716	40.75	4770397.089	2196.719971	0.046322644
964.3500366	138.3867035	2.173681	40.750164	4787580.164	2202.521973	0.046323097
964.5	138.0901337	2.1753824	41.158905	4801627.142	2207.256592	0.047457765
964.6500244	137.058197	2.18135	41.661301	4851039.08	2223.870117	0.048866066
964.8	137.0799561	2.181209	42.1532021	4849957.086	2223.517822	0.050259677
964.9500122	137.3831177	2.17948	42.644699	4835416.357	2218.610107	0.051666854
965.1	137.451691	2.1791	43.1365967	4832176.063	2217.51001	0.053090055
965.250061	137.452209	2.1790972	43.6287155	4832151.765	2217.501709	0.054528946
965.4	138.7114258	2.17181	44.1584015	4772270.394	2197.370117	0.056094684
965.5500488	140.0720367	2.1639738	44.35	4708871.443	2176.029785	0.056665424
965.7	138.5273285	2.17288	44.35	4780966.22	2200.290039	0.056665424
965.8500366	137.4711151	2.1789923	44.3494186	4831253.109	2217.196045	0.056663689
966	136.5144958	2.1845214	42.9277153	4877454.956	2232.733887	0.052483873
966.1500244	135.91246	2.18797	41.2584	4906785.538	2242.620117	0.047735466
966.3	136.1434937	2.1866	40.5817833	4895382.074	2238.810059	0.045858547
966.4500122	136.16452	2.1865	40.2868	4894414.592	2238.469971	0.045048727
966.6	135.88797	2.188111	39.9915428	4907979.448	2243.02124	0.044243252
966.750061	135.6688538	2.189361	39.85	4918730.349	2246.651123	0.043858915
966.9	135.48848	2.19039	39.85	4927588.724	2249.639893	0.043858915
967.0500488	136.4471741	2.1848578	40.13813	4880586.668	2233.823486	0.044642513
967.2	137.464798	2.17898	40.45	4831430.649	2217.290039	0.04549613
967.3500366	135.3424988	2.191227	40.7194519	4934775.341	2252.060303	0.04623824
967.5	132.4210052	2.2081015	41.829121	5082486.307	2301.744873	0.049339874
967.6500244	131.7333527	2.21209	43.5994	5118245.381	2313.76001	0.054442807
967.8	131.0912018	2.2158031	44.65	5151986.184	2325.110107	0.057563781
967.9500122	129.7347717	2.22364	44.65	5224241.857	2349.409912	0.057563781
968.1	129.02623	2.227741	44.42886	5262623.131	2362.313721	0.056901015
968.250061	128.5514069	2.230481	43.8384438	5288542.332	2371.032227	0.055146779
968.4	128.2534332	2.23224	43.45	5305007.737	2376.540039	0.054004655
968.5500488	128.0735931	2.23325	43.450222	5314867.294	2379.880127	0.054005305
968.7	128.0324554	2.23351	43.997299	5317205.363	2380.649902	0.055616593
968.8500366	128.3551178	2.2316189	45.6827316	5299350.651	2374.666504	0.060700737
969	128.8046875	2.228989	47.2404289	5274628.198	2366.376953	0.065565226
969.1500244	129.2074585	2.22669	48.55	5252761.71	2359	0.069782035
969.3	129.411087	2.2255	48.5499649	5241697.439	2355.289795	0.06978192
969.4500122	129.4317932	2.22539	48.4609985	5240592.969	2354.909912	0.069491697
969.6	129.5812988	2.224539	47.9445229	5232532.286	2352.187256	0.067817729
969.750061	129.9607849	2.222339	47.0179482	5212111.99	2345.327148	0.064860495
969.9	130.3739319	2.21998	46.3970985	5190068.804	2337.889893	0.062911519
970.0500488	130.8032532	2.217519	46.0534515	5167300.563	2330.217041	0.061843806
970.2	131.19902	2.21523	45.204201	5146400.054	2323.189941	0.059238575
970.3500366	130.917572	2.216871	43.1114922	5161278.903	2328.181885	0.053017057
970.5	130.640152	2.218459	42.85	5175948.112	2333.127686	0.05225903
970.6500244	130.9292755	2.2168	42.85	5160643.832	2327.969971	0.05225903
970.8	130.5400543	2.2190418	42.9466515	5181296.283	2334.925049	0.052538715
970.9500122	129.8213348	2.22317	44.05	5219647.648	2347.840088	0.055772808
971.1	129.087891	2.2273822	44.05	5259244.712	2361.17749	0.055772808
971.250061	128.1049652	2.233062	44.030262	5313115.803	2379.296143	0.055714281
971.4	127.2917938	2.2378	43.4450989	5358412.1	2394.5	0.053990305
971.5500488	126.2129135	2.244001	43.1497765	5419202.699	2414.973389	0.053128394
971.7	125.75621	2.2466	42.85	5445174.284	2423.74	0.05225903
971.8500366	125.9365616	2.2456188	42.8495255	5434994.536	2420.265869	0.052257658
972	126.4700851	2.2424982	41.6877327	5404541.656	2410.053955	0.048940578
972.1500244	127.2704544	2.23792	40.7929	5359594.608	2394.9	0.046441269
972.3	127.7377319	2.235168	39.9074783	5333409.889	2386.133789	0.044014848
972.4500122	128.5231934	2.23068	39.85	5290191.592	2371.560059	0.043858915
972.6	128.9194489	2.2283983	39.8503227	5268522.779	2364.264404	0.04385979
972.750061	129.6850433	2.2239382	40.649765	5226934.005	2350.30542	0.046045902
972.9	130.33461	2.22017	41.7966	5192089.562	2338.6	0.049247924
973.0500488	130.3377075	2.2201314	41.9505119	5191876.469	2338.544678	0.049683658
973.2	129.7106934	2.22381	43.210701	5225597.886	2349.840088	0.053305759
973.3500366	129.5184784	2.2249112	44.4391861	5235958.053	2353.333496	0.056931893
973.5	129.0587769	2.2275932	44.65	5260929.593	2361.710205	0.057563781
973.6500244	127.7233887	2.23525	44.65	5334222.756	2386.409912	0.057563781
973.8	128.2518921	2.2322116	43.9507637	5305020.899	2376.576172	0.055478799
973.9500122	127.4554749	2.23681	42.3815	5349151.996	2391.419922	0.050911466
974.1	127.1948624	2.23833	41.95	5363755.099	2396.320068	0.049682206
974.250061	127.172409	2.238488	41.950386	5365079.172	2396.742432	0.049683301
974.4	128.166275	2.23276	42.899601	5309860.325	2378.159912	0.05240249
974.5500488	130.9385223	2.2166855	44.4983978	5159995.745	2327.797852	0.057109085
974.7	132.6782227	2.20662	46.2145	5069246.146	2297.290039	0.062343208
974.8500366	133.8342285	2.2	46.7725983	5010371.63	2277.44165	0.064087198
975	135.0535126	2.1929264	46.7722855	4949172.012	2256.880127	0.064086215
975.1500244	136.4988861	2.18458	46	4878145.294	2232.99	0.061678436
975.3	138.0440216	2.1756475	44.0702515	4803794.092	2207.983643	0.055832884
975.4500122	139.0235443	2.16998	42.9698982	4757529.103	2192.429932	0.052606071
975.6	139.11824	2.1694341	42.85	4753103.527	2190.94165	0.05225903
975.750061	137.3420868	2.1797163	42.8497963	4837397.128	2219.27832	0.052258441
975.9	134.617661	2.19545	42.3529015	4970915.807	2264.189941	0.050829643
976.0500488	132.8922577	2.2054112	41.3061447	5058318.421	2293.594238	0.047868937
976.2	132.33136	2.20867	40.437901	5087251.827	2303.310059	0.045462908
976.3500366	132.797287	2.2059653	40.15	5063189.614	2295.226318	0.044674898
976.5	134.7687073	2.1945438	40.1502342	4963294.594	2261.6521	0.044675537
976.6500244	137.428833	2.1792	40.716499	4833203.841	2217.879883	0.046230084
976.8	139.3145447	2.168329	42.44519	4743971.404	2187.84668	0.051093868
976.9500122	139.8492432	2.16522	44.1463013	4719075.338	2179.49	0.056058718
977.1	139.6835022	2.16619	44.65	4726798.458	2182.079346	0.057563781
977.250061	139.8151855	2.165449	44.6498566	4720719.528	2180.018799	0.057563351
977.4	139.9970856	2.16441	44.2969017	4712331.681	2177.189941	0.056507019
977.5500488	140.0668335	2.16399	43.75	4709059.907	2176.100586	0.054885897
977.7	139.9693451	2.16455	43.75	4713567.625	2177.620117	0.054885897
977.8500366	139.8743286	2.165139	43.9566612	4718051.435	2179.098633	0.055496255
978	140.0975952	2.1638188	44.3502274	4707660.919	2175.626221	0.056666103
978.1500244	140.678299	2.16044	44.9119	4680917.115	2166.649902	0.05835277
978.3	140.795441	2.15977	46.238987	4675553.513	2164.838623	0.062419292
978.4500122	141	2.15855	46.45	4666115.823	2161.689941	0.063076581
978.6	140.9564056	2.1588027	46.5292931	4668125.177	2162.367676	0.063324341
978.750061	139.7619629	2.1657341	46.75	4723144.067	2180.851318	0.064016177
978.9	138.0128326	2.17588	46.75	4805409.221	2208.49	0.064016177
979.0500488	137.412491	2.179319	46.8150444	4834030.155	2218.137939	0.064220691
979.2	137.7080383	2.17758	47.1701012	4819811.765	2213.379883	0.065342093
979.3500366	139.4283447	2.16768	47.87014	4738699.307	2186.06958	0.067578162
979.5	139.4951782	2.1672475	48.9489136	4735487.111	2185.023682	0.071090161
979.6500244	140.5082245	2.16139	49.4744	4688638.529	2169.27002	0.072830458
979.8	140.1709442	2.1633413	49.5737228	4704169.812	2174.492676	0.073161595
979.9500122	139.7578125	2.16579	50.1139984	4723414.558	2180.919922	0.074975211
980.1	139.329071	2.1682413	49.4404716	4743295.168	2187.623291	0.072717503
980.250061	138.830307	2.17115	49.123329	4766737.562	2195.489746	0.071665621
980.4	138.8479767	2.17098	48.6987	4765756.921	2195.209961	0.070268352
980.5500488	138.0414581	2.1756582	46.75	4803909.078	2208.025635	0.064016177
980.7	138.7419128	2.17164	46.75	4770832.229	2196.879883	0.064016177
980.8500366	138.9959564	2.170151	46.7821159	4758864.576	2192.872559	0.064117121
981	138.6321564	2.1722419	48.0463982	4775945.878	2198.625244	0.06814646
981.1500244	137.8171539	2.177	48.0463982	4814718.255	2211.629883	0.06814646
981.3	137.8179474	2.1769955	48.0457611	4814637.614	2211.597412	0.068144402
981.4500122	139.78006	2.16567	46.4877014	4722395.18	2180.570068	0.063194331
981.6	140.0029449	2.16434	45.8736572	4711982.712	2177.099121	0.061288302
981.750061	140.1822815	2.1633625	45.283165	4703834.577	2174.316406	0.059478822
981.9	139.1750336	2.16915	44.693001	4750547.063	2190.050049	0.057693022
982.0500488	138.17894	2.1748934	43.555241	4797487.756	2205.849609	0.054313154
982.2	136.6994476	2.18347	42.9123	4868504.809	2229.709961	0.052439244
982.3500366	134.9297485	2.1936421	42.3218651	4955340.569	2258.955811	0.050740902
982.5	134.0788422	2.1985312	41.9907837	4997907.666	2273.293945	0.049797907
982.6500244	133.5145874	2.20181	41.95	5026512.049	2282.9	0.049682206
982.8	132.4425354	2.2080421	41.7002754	5081558.763	2301.386719	0.048975951
982.9500122	131.4977264	2.21345	41.65	5130577.695	2317.909912	0.048834221
983.1	130.37941	2.21992	41.4098778	5189706.863	2337.790039	0.048159394
983.250061	130.35762	2.2200475	41.35	5190874.848	2338.181885	0.047991655
983.4	131.4693756	2.21363	41.35	5132101.734	2318.409912	0.047991655
983.5500488	132.7496033	2.2062261	41.5759087	5065579.69	2296.03833	0.048625629
983.7	134.4113159	2.19667	42.091801	4981322.487	2267.669922	0.05008492
983.8500366	139.7633057	2.1657345	42.898632	4723089.95	2180.825928	0.052399686
984	142.0408173	2.15255	44.20673	4619069.072	2145.859131	0.056238427
984.1500244	142.2029266	2.1516	45.2694016	4611782.304	2143.419922	0.059436918
984.3	142.018539	2.1526816	45.9535141	4620094.605	2146.204346	0.06153477
984.4500122	141.329361	2.15668	46.4875984	4651225.299	2156.659912	0.063194009
984.6	140.6163483	2.1608	46.6646	4683753.456	2167.601563	0.063748092
984.750061	140.4104	2.16198	46.6643982	4693182.48	2170.779785	0.063747459
984.9	140.4393463	2.16184	46.1689	4691906.376	2170.330078	0.062201631
985.0500488	140.4686279	2.16168	45.85	4690585.945	2169.879883	0.061215368
985.2	140.4975586	2.16148	45.85	4689179.409	2169.429932	0.061215368
985.3500366	140.526535	2.16134	47.5313377	4687924.298	2168.989746	0.06649178
985.5	140.5554962	2.16119	49.340065	4686626.519	2168.539795	0.072383708
985.6500244	140.5844269	2.16099	49.75	4685220.999	2168.090088	0.073751028
985.8	140.6133881	2.1608	49.7491531	4683857.381	2167.649658	0.073748191
985.9500122	140.642334	2.16065	47.6661987	4682560.68	2167.2	0.066923274
986.1	140.6716156	2.1605	44.685463	4681263.375	2166.75	0.057670357
986.250061	140.7005768	2.16031	43.6106339	4679879.131	2166.299805	0.05447581
986.4	140.7273865	2.16016	43.45	4678668.71	2165.889893	0.054004655
986.5500488	140.1878357	2.1633036	43.45	4703541.726	2174.240234	0.054004655
986.7	138.5867615	2.17254	43.45	4778154.315	2199.340088	0.054004655
986.8500366	137.1039734	2.1810815	43.5702667	4848835.979	2223.133789	0.054357257
987	136.5100861	2.18453	43.98103	4877621.358	2232.80127	0.055568404
987.1500244	136.3071747	2.18573	44.792	4887576.169	2236.129883	0.057991016
987.3	136.6025238	2.18401	45.97324	4873159.758	2231.290039	0.061595716
987.4500122	136.5979462	2.18401	47.052601	4873334.65	2231.370117	0.064970041
987.6	136.208847	2.186261	48.034531	4892290.074	2237.74292	0.06810813
987.750061	135.7592621	2.188891	48.85	4914395.362	2245.153076	0.070764761
987.9	135.30986	2.19145	48.85	4936482.42	2252.610107	0.070764761
988.0500488	134.8852234	2.19387	48.6863976	4957489.539	2259.700684	0.070228058
988.2	134.7831726	2.19448	47.9427986	4962618.824	2261.409912	0.067812171
988.3500366	135.3686218	2.1911485	47.05	4933647.417	2251.626221	0.064961816
988.5	135.9213562	2.1879077	47.05	4906325.863	2242.473877	0.064961816
988.6500244	136.819839	2.18272	47.05	4862554.48	2227.75	0.064961816
988.8	137.7192841	2.1775787	47.05	4819408.035	2213.195801	0.064961816
988.9500122	138.3923035	2.17367	47.05	4787355.869	2202.429932	0.064961816
989.1	138.0621185	2.17556	46.8090782	4802986.893	2207.701416	0.06420192
989.250061	137.8425751	2.176791	45.528347	4813370.108	2211.2229	0.060227376
989.4	137.3931732	2.17943	45.4005013	4834956.377	2218.449951	0.059836567
989.5500488	136.8712463	2.1824224	45.4005432	4860072.461	2226.916504	0.059836695
989.7	135.8734436	2.18824	45.505199	4908791.284	2243.26001	0.060156536
989.8500366	135.6068878	2.189781	46.5787354	4921910.77	2247.672607	0.063479041
990	135.226181	2.191941	47.6518326	4940640.365	2254.002441	0.06687725
990.1500244	134.8526611	2.19407	48.7090988	4959124.777	2260.24	0.070302418
990.3	134.6698	2.1951063	49.63546	4968183.125	2263.299561	0.073367778
990.4500122	136.2157288	2.18625	55.1842	4892018.331	2237.629883	0.093055391
990.6	138.8200836	2.1712162	57.25	4767224.807	2195.647217	0.101002441
990.750061	136.1724548	2.1865	57.25	4894130.602	2238.340088	0.101002441
990.9	136.1724548	2.1865	57.25	4894130.602	2238.340088	0.101002441
991.0500488	135.8185577	2.18853	57.25	4911433.733	2244.170166	0.101002441
991.2	135.8069916	2.1886	57.25	4912006.531	2244.360107	0.101002441
991.3500366	136.6628723	2.1836383	54.4405136	4870180.336	2230.30542	0.090279271
991.5	137.3937988	2.1794381	51.764111	4834962.64	2218.44458	0.08064581
991.6500244	138.1954041	2.17476	48.8368988	4796585.562	2205.570068	0.070721713
991.8	138.030609	2.1757212	48.2835846	4804456.663	2208.213379	0.06891459
991.9500122	137.5218048	2.17869	48.25	4828804.687	2216.379883	0.068805589
992.1	137.2171936	2.18047	48.25	4843460.018	2221.291748	0.068805589
992.250061	136.946991	2.1820414	48.2491951	4856512.969	2225.674072	0.068802978
992.4	136.3010712	2.18576	46.272	4887862.041	2236.22998	0.062521929
992.5500488	135.35994	2.1911912	42.939518	4934066.676	2251.773682	0.052518052
992.7	134.80542	2.19436	42.25	4961535.82	2261.040039	0.050535646
992.8500366	134.213989	2.197771	42.25037	4991142.233	2271.001953	0.050536702
993	133.9321289	2.19944	43.1630745	5005443.239	2275.780762	0.053167088
993.1500244	133.8203125	2.2	44.823601	5010895.85	2277.679932	0.058086271
993.3	134.12973	2.19831	46.5732956	4995503.832	2272.429199	0.063462012
993.4500122	134.2537384	2.1976	47.05	4989277.38	2270.330078	0.064961816
993.6	133.9356689	2.199411	47.0499153	5005249.443	2275.722656	0.064961548
993.750061	133.548309	2.201631	46.8457031	5024831.452	2282.322266	0.064317187
993.9	133.24942	2.20336	46.3515015	5040053.669	2287.439941	0.062769397
994.0500488	133.45343	2.202149	46.15	5029571.757	2283.937988	0.062142991
994.2	133.7297821	2.20057	46.15	5015583.092	2279.219971	0.062142991
994.3500366	133.9096375	2.19952	46.8896523	5006458.176	2276.159424	0.064455625
994.5	133.9796448	2.1991	48.2515144	5002889.684	2274.971436	0.068810503
994.6500244	133.7660522	2.20033	50.252701	5013694.178	2278.610107	0.075444201
994.8	133.6853485	2.200799	51.25	5017774.975	2279.97876	0.078857578
994.9500122	133.851089	2.19989	51.25	5009501.319	2277.159912	0.078857578
995.1	134.0505066	2.19876	51.341835	4999471.884	2273.768799	0.079175568
995.250061	134.2501526	2.197579	51.4212914	4989357.931	2270.388428	0.079451199
995.4	134.4494171	2.19639	51.6374016	4979260.102	2267.02002	0.08020325
995.5500488	134.648819	2.19526	52.2896423	4969341.353	2263.668701	0.082494187
995.7	134.8483887	2.19413	52.8916016	4959436.072	2260.320068	0.084637041
995.8500366	135.047821	2.19295	53.3238945	4949441.572	2256.97876	0.086193013
996	135.2471466	2.19182	54.0465622	4939592.253	2253.648682	0.088826463
996.1500244	135.4467163	2.19069	54.9317017	4929775.599	2250.330078	0.092107884
996.3	135.6461487	2.18951	55.94059	4919869.596	2247.018555	0.09592456
996.4500122	135.8457031	2.18837	56.8853989	4910089.473	2243.719971	0.099574217
996.6	136.0451355	2.187249	57.7019043	4900375.458	2240.428711	0.102788168
996.750061	136.2447815	2.186069	58.45	4890560.848	2237.148438	0.105782484
996.9	136.4620056	2.18478	58.45	4879902.952	2233.590088	0.105782484
997.0500488	136.6159058	2.1839	58.351231	4872434.455	2231.070313	0.105384404
997.2	136.5726471	2.18419	57.6817017	4874631.622	2231.780029	0.102707967
997.3500366	136.4310913	2.184991	56.65	4881472.069	2234.092529	0.098658001
997.5	136.0842285	2.186961	56.6501274	4898337.735	2239.791992	0.098658495
997.6500244	135.757919	2.1889	56.967	4914452.442	2245.169922	0.099892901
997.8	135.42775	2.1908	58.0738487	4930725.945	2250.650879	0.104270922
997.9500122	135.2946167	2.19156	59.1675987	4937278.097	2252.860107	0.108700071
998.1	135.6959076	2.189211	60.7448845	4917411.52	2246.202637	0.115272398
998.250061	135.3306427	2.1913033	61.9321785	4935383.722	2252.259522	0.120367914
998.4	133.9266815	2.19946	63.85	5005685.288	2275.870117	0.128876695
998.5500488	132.65181	2.2068329	63.849968	5070747.063	2297.748535	0.12887655
998.7	131.443161	2.2138	63.7587013	5133514.665	2318.870117	0.128463676
998.8500366	130.9184875	2.2167923	63.208992	5161064.285	2328.167725	0.125993851
999	129.874115	2.2228234	62.95	5216722.313	2346.890137	0.124840227
999.1500244	128.4936218	2.23085	62.95	5291799.285	2372.1	0.124840227
999.3	127.699409	2.235459	62.9500237	5335724.088	2386.858398	0.124840332
999.4500122	127.936142	2.23407	62.9931984	5322537.6	2382.439941	0.125032201
999.6	127.7510147	2.235091	63.6097069	5332685.937	2385.89209	0.12779138
999.750061	127.4671249	2.2367415	64.6059036	5348506.541	2391.20459	0.132327404
999.9	126.8690338	2.24022	64.6059036	5382083.701	2402.47998	0.132327404
1000.050049	126.7422028	2.24091	64.6059036	5389122.114	2404.881104	0.132327404
1000.2	126.6145325	2.2417	64.6059036	5396466.958	2407.310059	0.132327404
1000.350037	126.48674	2.242391	64.606079	5403582.004	2409.741211	0.132328211
1000.5	126.308701	2.243471	65.039856	5413791.841	2413.13208	0.134333736
1000.650024	126.0411987	2.24504	65.9144974	5429090.453	2418.26001	0.138434535
1000.8	125.7713318	2.246521	66.2333069	5444335.595	2423.451904	0.139948455
1000.950012	125.501709	2.24809	66.25	5459823.559	2428.649902	0.14002801
1001.1	125.8991776	2.2458282	66.25	5437113.884	2420.983887	0.14002801
1001.250061	126.6763382	2.2412989	66.25	5392868.845	2406.135498	0.14002801
1001.4	127.2439423	2.23807	66.25	5361072.878	2395.4	0.14002801
1001.550049	127.7046356	2.235369	66.5092163	5335283.333	2386.757324	0.14126701
1001.7	128.076355	2.23322	66.55	5314684.127	2379.830078	0.141462573
1001.850037	128.6641541	2.229819	66.5497055	5282344.854	2368.956787	0.14146116
1002	129.0700684	2.22749	65.81543	5260237.756	2361.509033	0.137966194
1002.150024	129.2102051	2.2267	65.65	5252673.856	2358.949951	0.137186331
1002.3	129.2286987	2.2265987	65.6502838	5251670.045	2358.606445	0.137187666
1002.450012	129.7198334	2.22376	66.3415985	5225124.245	2349.679932	0.140465048
1002.6	130.21196	2.220869	66.7757339	5198602.673	2340.796631	0.142548085
1002.750061	130.6615143	2.218289	66.85	5174707.708	2332.747315	0.142906363
1002.9	131.045105	2.21609	66.85	5154447.88	2325.919922	0.142906363
1003.050049	131.2758636	2.21473	66.4273453	5142225.648	2321.82959	0.140874941
1003.2	131.3428955	2.21433	66.0435028	5138662.533	2320.639893	0.139045897
1003.350037	131.3611755	2.21423	64.9408188	5137722.305	2320.320068	0.133874208
1003.5	131.379181	2.21413	62.2838821	5136781.6	2320	0.121902313
1003.650024	131.397141	2.21404	60.7659	5135886.318	2319.689941	0.11536147
1003.8	131.414841	2.21394	59.8006973	5134945.737	2319.369873	0.111311516
1003.950012	131.477005	2.2136	58.8027	5131744.672	2318.280029	0.107210887
1004.1	131.7830353	2.2118	58.094696	5115649.324	2312.889648	0.104354379
1004.250061	131.81134	2.21162	57.85	5114150.953	2312.400391	0.103377139
1004.4	131.74675	2.21202	57.85	5117574.695	2313.530029	0.103377139
1004.550049	131.637558	2.21267	58.1772919	5123329.345	2315.451172	0.104685398
1004.7	131.4645081	2.21366	59.8764	5132370.71	2318.5	0.111626151
1004.850037	131.5617371	2.21308	62.4914055	5127219.547	2316.780029	0.122813114
1005	131.5591888	2.213091	64.726471	5127359.577	2316.831787	0.132882969
1005.150024	131.3096619	2.21457	66.6259	5140526.277	2321.22998	0.141826978
1005.3	131.0480347	2.216091	68.52652	5154322.521	2325.862305	0.151147496
1005.450012	130.7497559	2.21781	69.5607986	5170091.964	2331.169922	0.15638087
1005.6	130.984787	2.2164679	69.5607452	5157685.63	2326.984131	0.156380597
1005.750061	131.8170319	2.2116489	69.4309769	5113988.3	2312.296631	0.155717615
1005.9	132.2801514	2.20896	68.4097977	5089885.632	2304.2	0.150564121
1006.050049	132.475708	2.207789	66.803688	5079674.032	2300.796875	0.142682876
1006.2	132.9025574	2.20536	66.029	5057794.484	2293.409912	0.138977083
1006.350037	133.313141	2.20301	64.9094315	5036851.052	2286.349609	0.133728775
1006.5	133.37001	2.202671	63.24688	5033922.783	2285.37207	0.126163151
1006.650024	133.1024933	2.20423	62.4578018	5047598.445	2289.959961	0.122665356
1006.8	132.8197784	2.205849	62.05	5062065.328	2294.837647	0.120880657
1006.950012	133.1729126	2.20383	62.05	5044015.913	2288.75	0.120880657
1007.1	133.8882751	2.1997	62.8676376	5007661.088	2276.52002	0.124474697
1007.250061	133.8882751	2.1997	65.65181	5007661.088	2276.52002	0.137194848
1007.4	133.8882751	2.1997	67.3952026	5007661.088	2276.52002	0.14555404
1007.550049	133.8882751	2.1997	67.395134	5007661.088	2276.52002	0.145553705
1007.7	133.8882751	2.1997	67.2193985	5007661.088	2276.52002	0.144696907
1007.850037	133.9059753	2.19958	66.1459656	5006727.386	2276.219727	0.139532674
1008	133.9473267	2.199291	64.343895	5004533.383	2275.52124	0.131125014
1008.150024	133.7529449	2.20046	63.85	5014474.434	2278.830078	0.128876695
1008.3	133.4699554	2.202101	63.58934	5028855.152	2283.662354	0.127699646
1008.450012	133.1338959	2.20403	61.9730988	5045950.19	2289.419922	0.120545847
1008.6	133.0671387	2.2043684	61.2134361	5049271.04	2290.574951	0.117267852
1008.750061	133.7937775	2.20022	59.35	5012386.931	2278.129883	0.109448831
1008.9	133.7608643	2.20042	59.325901	5014074.921	2278.689941	0.109349737
1009.050049	133.71727	2.20062	59.05	5016181.661	2279.440186	0.108218871
1009.2	133.67308	2.20091	59.05	5018492.844	2280.189941	0.108218871
1009.350037	133.5815582	2.2013922	59.05	5023041.701	2281.756836	0.108218871
1009.5	132.609024	2.2071	59.05	5072997.279	2298.49	0.108218871
1009.650024	132.609024	2.2071	59.05	5072997.279	2298.49	0.108218871
1009.8	131.5122681	2.2134023	59.6503563	5129907.295	2317.656982	0.110688177
1009.950012	130.52359	2.21911	60.5357018	5182087.777	2335.209961	0.114387967
1010.1	131.0385284	2.216099	63.1381378	5154730.135	2326.037842	0.125677611
1010.250061	131.362915	2.2142889	65.2059631	5137784.369	2320.286377	0.135106652
1010.4	131.8601379	2.21139	67.313797	5111716.527	2311.540039	0.145156747
1010.550049	132.2993622	2.2088118	67.4501038	5088826.825	2303.875244	0.145822372
1010.7	131.5913086	2.21294	67.7212982	5125744.427	2316.26001	0.147152472
1010.850037	131.269119	2.21482	68.0168381	5142701.732	2321.950195	0.148610782
1011	131.2386475	2.215	69.0967636	5144315.35	2322.49	0.154018574
1011.150024	131.2386475	2.215	69.25	5144315.35	2322.49	0.154796076
1011.3	130.5475922	2.218951	69.2497025	5180765.189	2334.78125	0.154794564
1011.450012	130.362961	2.22003	68.5082016	5190630.138	2338.090088	0.151055845
1011.6	130.6274719	2.2184784	64.7137451	5176498.707	2333.355469	0.132824261
1011.750061	131.26059	2.2148485	63.85	5143088.563	2322.094971	0.128876695
1011.9	131.9659119	2.21074	63.85	5106123.941	2309.689941	0.128876695
1012.050049	132.56337	2.2072878	65.903259	5075158.746	2299.273682	0.138381356
1012.2	133.448761	2.20218	66.55	5029823.208	2284.02002	0.141462573
1012.350037	133.4394226	2.202229	66.549919	5030282.448	2284.177734	0.141462184
1012.5	133.7307587	2.20059	66.3355026	5015604.499	2279.208984	0.140435936
1012.650024	133.8882751	2.1997	64.3697968	5007661.088	2276.52002	0.13124358
1012.8	133.8880768	2.1997013	63.55	5007693.584	2276.533447	0.127522569
1012.950012	133.4027252	2.20249	63.55	5032271.306	2284.810059	0.127522569
1013.1	132.387146	2.208312	65.4947281	5084275	2302.335449	0.136456858
1013.250061	131.62291	2.212721	66.55	5124002.233	2315.701904	0.141462573
1013.4	131.3651428	2.21421	66.55	5137520.753	2320.25	0.141462573
1013.550049	131.2753143	2.21476	65.64859	5142314.768	2321.838379	0.137179696
1013.7	131.493469	2.21354	62.4217987	5130963.585	2317.99	0.122507166
1013.850037	131.7902832	2.211821	60.55	5115413.856	2312.76123	0.114448295
1014	131.62558	2.212741	60.55	5123962.112	2315.662842	0.114448295
1014.150024	131.225235	2.21503	60.55	5144894.417	2322.719971	0.114448295
1014.3	130.9129639	2.216831	61.0185318	5161365.459	2328.262939	0.116435371
1014.450012	130.5052948	2.21921	61.601299	5183053.81	2335.540039	0.118934857
1014.6	130.769165	2.2176788	62.0432014	5169002.131	2330.816406	0.120851035
1014.750061	131.2869415	2.214679	62.7752953	5141659.54	2321.627441	0.124065641
1014.9	131.6138611	2.21281	63.25	5124580.554	2315.870117	0.126177098
1015.050049	132.0808258	2.21011	63.5236359	5100225.954	2307.679688	0.127403983
1015.2	132.1225739	2.20987	64.1015015	5098059.489	2306.949951	0.130018619
1015.350037	132.161301	2.20962	64.67395	5095979.821	2306.269775	0.13264078
1015.5	132.2003021	2.20942	65.2855377	5094016.313	2305.589844	0.135477895
1015.650024	132.2390137	2.20922	65.8756027	5092075.19	2304.919922	0.138250542
1015.8	132.2777252	2.20899	66.683189	5090042.557	2304.239746	0.14210242
1015.950012	132.3164215	2.20873	68.3797	5087964.317	2303.570068	0.150413929
1016.1	132.3551483	2.20853	70.15	5086022.443	2302.899414	0.159414317
1016.250061	132.39386	2.20831	70.1499634	5084014.844	2302.219727	0.159414128
1016.4	132.4328613	2.20804	70.0610962	5081892.468	2301.540039	0.158954154
1016.550049	132.4715576	2.20784	69.6815643	5079953.618	2300.870361	0.156999512
1016.7	132.432251	2.2081	69.091499	5082052.663	2301.550049	0.153991907
1016.850037	132.0847931	2.2101219	68.649971	5100110.966	2307.615234	0.151766086
1017	131.3489532	2.2143619	68.5802383	5138506.26	2320.535889	0.151416468
1017.150024	130.5272522	2.21909	68.4148026	5181885.584	2335.139893	0.150589105
1017.3	130.80043	2.2175376	68.5898514	5167446.228	2330.263184	0.151464634
1017.450012	131.7406616	2.21211	68.2396011	5118025.943	2313.639893	0.149716087
1017.6	132.4361115	2.2080789	67.6993713	5081863.939	2301.486572	0.147044642
1017.750061	132.9252014	2.20526	67.1286087	5056701.561	2293.018311	0.144255521
1017.9	133.1448669	2.20397	64.6955032	5045416.283	2289.24	0.132740135
1018.050049	133.0108948	2.204731	60.2601471	5052235.821	2291.542969	0.113228933
1018.2	132.609024	2.2071	58.15	5072997.279	2298.49	0.104575956
1018.350037	132.512039	2.2076621	58.1500473	5078012.513	2300.176514	0.104576145
1018.5	131.5696716	2.2130682	58.2591858	5126892.343	2316.644531	0.10501418
1018.650024	132.3414154	2.20863	59.7006	5086761.753	2303.129883	0.110896273
1018.8	133.1558685	2.203908	60.59877	5044843.34	2289.044434	0.114654205
1018.950012	133.9690552	2.19918	61.7571983	5003464.162	2275.149902	0.119608803
1019.1	134.783493	2.194458	62.05	4962534.784	2261.394287	0.120880657
1019.250061	135.603729	2.1897981	62.05	4922062.544	2247.724365	0.120880657
1019.4	136.42421	2.18504	62.05	4881838.133	2234.209961	0.120880657
1019.550049	137.2380676	2.1803181	62.6360741	4842387.492	2220.95459	0.123450445
1019.7	138.051849	2.17559	63.8021011	4803420.148	2207.870117	0.128659908
1019.850037	138.8663025	2.170958	63.8502731	4765067.304	2194.914551	0.128877931
1020	139.6775665	2.1662369	64.521843	4727100.709	2182.171631	0.131940905
1020.150024	140.9867554	2.15869	65.3663025	4666893.308	2161.909912	0.135855337
1020.3	135.9358215	2.1878576	66.166229	4905728.511	2242.252197	0.139629067
1020.450012	132.6943817	2.20653	66.25	5068421.497	2297.01001	0.14002801
1020.6	132.9666443	2.204969	66.25	5054447.855	2292.298828	0.14002801
1020.750061	133.1436462	2.20398	66.25	5045483.277	2289.26001	0.14002801
1020.9	133.1573639	2.2039	66.25	5044771.222	2289.02002	0.14002801
1021.050049	133.1577	2.2038982	66.7397385	5044754.725	2289.014404	0.142374639
1021.2	133.961731	2.19926	66.85	5003932.357	2275.280029	0.142906363
1021.350037	133.0877228	2.2042911	66.8500977	5048317.418	2290.222656	0.142906835
1021.5	132.721756	2.20638	67.0811615	5067019.542	2296.530762	0.144025191
1021.650024	132.6315918	2.20695	68.9561	5071769.919	2298.090088	0.153307102
1021.8	132.541901	2.20747	69.5500946	5076410.864	2299.651123	0.156326114
1021.950012	132.38623	2.20832	69.766098	5084325.768	2302.350098	0.157433501
1022.1	132.2706757	2.20902	70.06134	5090401.295	2304.37085	0.158955415
1022.250061	132.1807556	2.20954	70.1502457	5095046.04	2305.930664	0.15941559
1022.4	132.0908661	2.21004	70.7550964	5099667.3	2307.5	0.162569612
1022.550049	132.0610046	2.2102	71.246941	5101185.848	2308.02002	0.165164587
1022.7	132.0610046	2.2102	71.35	5101185.848	2308.02002	0.165711792
1022.850037	131.8896484	2.2112	71.3497772	5110130.166	2311.02124	0.165710607
1023	131.731171	2.212101	70.8022385	5118360.482	2313.800537	0.162817154
1023.150024	131.6412964	2.21266	69.917	5123148.451	2315.379883	0.158210171
1023.3	131.6040344	2.2129	68.6856384	5125168.244	2316.041504	0.151945113
1023.450012	131.3992767	2.21408	68.05	5135890.456	2319.649902	0.148774992
1023.6	131.2387543	2.215	68.05	5144288.83	2322.478027	0.148774992
1023.750061	131.5283051	2.213309	68.05	5129052.894	2317.368652	0.148774992
1023.9	131.740036	2.21206	68.05	5117932.403	2313.649902	0.148774992
1024.050049	131.514191	2.21334	65.2209015	5129681.31	2317.620117	0.135176297
1024.2	131.2861633	2.21469	60.7630424	5141736.444	2321.650635	0.115349356
1024.350098	131.2386475	2.215	57.3758316	5144315.35	2322.49	0.101497941
1024.5	131.2386475	2.215	55.45	5144315.35	2322.49	0.094058353
1024.650024	131.19902	2.21522	55.45	5146376.822	2323.189941	0.094058353
1024.8	131.0329132	2.21617	56.0749016	5155099.262	2326.129883	0.096438903
1024.950073	130.8	2.2175	57.05064	5167377.017	2330.271484	0.100220125
1025.1	130.6902618	2.2181	57.3403854	5173122.027	2332.231201	0.101358226
1025.25	130.6229553	2.2185	57.6960983	5176714.303	2333.429932	0.102765115
1025.4	130.507431	2.2192	58.0525017	5182941.6	2335.5	0.104185504
1025.550049	130.446167	2.21954	58.644199	5186177.164	2336.6	0.10656764
1025.7	129.70874	2.2237659	59.6393661	5225581.123	2349.87915	0.110642689
1025.850098	128.43396	2.231149	60.7073517	5294959.43	2373.198486	0.115113417
1026	128.5237885	2.23066	61.75	5290121.832	2371.550049	0.119577635
1026.150024	128.6383972	2.23	61.75	5283828.747	2369.429932	0.119577635
1026.3	128.8886414	2.22853	61.4424019	5270094.774	2364.830078	0.118250258
1026.450073	129.272522	2.226329	60.4775162	5249256.018	2357.807861	0.114142659
1026.6	129.4318542	2.225389	60.25	5240587.355	2354.908447	0.113186383
1026.75	129.5217133	2.2249	60.25	5235790.467	2353.27002	0.113186383
1026.9	129.769516	2.22348	60.25	5222465.419	2348.780029	0.113186383
1027.050049	130.507431	2.2192	60.25	5182941.6	2335.5	0.113186383
1027.2	130.5224915	2.219119	60.10495	5182148.885	2335.228027	0.112579144
1027.350098	130.665359	2.2183082	59.1753654	5174590.564	2332.674316	0.108731894
1027.5	131.055771	2.216	58.15	5153817.636	2325.72998	0.104575956
1027.650024	131.0761871	2.21589	58.15	5152742.208	2325.360107	0.104575956
1027.8	131.2913818	2.21469	58.4091988	5141513.678	2321.550049	0.105617936
1027.950073	131.7943726	2.21176	60.923172	5115111.865	2312.688477	0.116029329
1028.1	131.890152	2.211229	61.75	5110166.954	2311.007568	0.119577635
1028.25	132.0610046	2.2102	61.75	5101185.848	2308.02002	0.119577635
1028.4	132.051849	2.21025	61.5351982	5101654.694	2308.179932	0.118649783
1028.550049	131.7839355	2.21182	55.115799	5115673.982	2312.879883	0.09279821
1028.7	131.604111	2.2129	53.0421982	5125165.002	2316.040039	0.085177459
1028.850098	131.603821	2.2129018	48.248558	5125181.057	2316.04541	0.068800911
1029	131.244141	2.21497	46.4779015	5144023.94	2322.389893	0.063163715
1029.150024	131.2386475	2.215	45.5786018	5144315.35	2322.49	0.060381292
1029.3	131.8473358	2.21148	42.4084015	5112411.027	2311.76001	0.050988479
1029.450073	132.3917236	2.2083	41.6880646	5084079.701	2302.259522	0.048941514
1029.6	132.4264526	2.2081	41.65	5082295.252	2301.659912	0.048834221
1029.75	132.4264526	2.2081	41.65	5082273.149	2301.649902	0.048834221
1029.9	132.7507629	2.20624	42.4488983	5065593.291	2296.030029	0.051104496
1030.050049	132.4730835	2.20783	43.684299	5079863.771	2300.840088	0.054692419
1030.2	132.2681885	2.209051	44.9363136	5090567.111	2304.413574	0.058426543
1030.350098	129.9391632	2.2224824	46.1840134	5213315.924	2345.717529	0.062248539
1030.5	129.427231	2.22541	47.430599	5240818.296	2354.99	0.066170271
1030.650024	129.337311	2.22598	48.6764984	5245810.987	2356.629883	0.070195644
1030.8	128.5957336	2.23022	49.577801	5286111.984	2370.219971	0.073175207
1030.950073	128.2637329	2.2321522	49.9829559	5304390.357	2376.356934	0.074533397
1031.1	127.8061447	2.2348311	50.05	5329766.085	2384.863037	0.074759284
1031.25	127.6072617	2.23597	50.05	5340793.397	2388.580078	0.074759284
1031.4	127.317711	2.23763	49.6834984	5356908.619	2394.01001	0.0735284
1031.550049	126.6977386	2.24119	49.095501	5391697.974	2405.72998	0.071573663
1031.7	126.3592072	2.2431746	48.4505348	5410930.348	2412.175293	0.069457599
1031.850098	125.3717575	2.2488725	47.636425	5467409.298	2431.177979	0.066827905
1032	124.8732071	2.25173	45.9546013	5496202.458	2440.879883	0.061538128
1032.150024	124.6059036	2.25326	45.25	5511722.061	2446.110107	0.059377868
1032.3	124.6503983	2.25299	45.25	5509101.268	2445.24	0.059377868
1032.450073	124.8077469	2.25209	45.4352417	5499960.618	2442.158447	0.059942659
1032.6	124.89772	2.251599	45.7303429	5494796.483	2440.397461	0.060847035
1032.75	125.0408478	2.25076	46.0253983	5486452.576	2437.6	0.061756991
1032.9	125.4800644	2.2482	46.490799	5461035.328	2429.070068	0.06320401
1033.050049	125.95829	2.24544	46.75	5433628.203	2419.850098	0.064016177
1033.2	126.1708221	2.24423	46.7501259	5421540.264	2415.768555	0.064016572
1033.350098	126.2607651	2.243739	46.9063148	5416493.86	2414.048096	0.064508145
1033.5	126.3965988	2.24295	47.05	5408784.12	2411.459961	0.064961816
1033.650024	126.6657333	2.24137	48.075199	5393476.047	2406.330078	0.068239524
1033.8	127.5859222	2.23605	50	5341878.684	2388.97998	0.074590792
1033.950073	128.4093475	2.2312815	50.95	5296308.897	2373.662354	0.077823129
1034.1	132.351944	2.2085164	50.949482	5085950.684	2302.881104	0.077821349
1034.25	137.3992615	2.17939	50.3135986	4834650.019	2218.350098	0.075650551
1034.4	137.6010437	2.17824	47.3667984	4825019.424	2215.1	0.065967009
1034.550049	137.9247437	2.17637	43.9970016	4809560.063	2209.9	0.055615712
1034.7	138.1254272	2.1752129	43.45	4800015.647	2206.687744	0.054004655
1034.850098	137.52298	2.1786854	43.4505463	4828784.917	2216.375488	0.054006254
1035	136.3553162	2.1854	44.1204987	4885112.228	2235.340088	0.055982055
1035.150024	136.3852081	2.18524	46.2276	4883683.827	2234.850098	0.062383906
1035.3	136.6750641	2.18359	48.7232018	4869646.129	2230.110107	0.070348632
1035.450073	137.2042236	2.1805234	51.1437073	4844052.962	2221.509277	0.078490304
1035.6	136.4978638	2.184569	52.75	4878201.245	2233.026856	0.084130485
1035.75	134.5036621	2.19613	52.75	4976672.39	2266.110107	0.084130485
1035.9	134.300369	2.19729	52.377701	4986837.632	2269.540039	0.08280594
1036.050049	133.87822	2.19975	51.25	5008170.825	2276.7	0.078857578
1036.2	133.7749786	2.2003114	51.250099	5013306.922	2278.453369	0.07885792
1036.350098	133.5227051	2.201801	51.3712158	5026187.035	2282.761719	0.079277434
1036.5	133.3884125	2.20257	52.1260986	5033004.733	2285.060059	0.081916751
1036.650024	132.9150543	2.20529	53.7542	5057148.846	2293.189941	0.087756174
1036.8	133.5365448	2.20172	55.75	5025469.978	2282.52002	0.09519723
1036.950073	133.6504211	2.2010787	55.75	5019728.173	2280.576416	0.09519723
1037.1	133.9103851	2.199569	55.75	5006542.858	2276.147217	0.09519723
1037.25	134.0998077	2.19843	55.75	4996877.35	2272.929932	0.09519723
1037.4	134.3774872	2.19682	55.9345016	4982914.997	2268.24	0.09590128
1037.550049	134.72403	2.19483	57.85	4965583.392	2262.4	0.103377139
1037.7	134.9766235	2.1934135	57.85	4953103.605	2258.171387	0.103377139
1037.850098	136.3553314	2.1854	57.849979	4885111.695	2235.339844	0.103377055
1038	136.37027	2.18531	57.828701	4884364.72	2235.090088	0.103292319
1038.150024	136.993271	2.18171	56.95	4854151.881	2224.929932	0.099826463
1038.3	136.8122253	2.1828	56.95	4862994.892	2227.870117	0.099826463
1038.450073	136.5350952	2.1844182	56.9504814	4876483.244	2232.394531	0.099828344
1038.6	130.4712677	2.2193613	57.5358086	5184767.728	2336.153076	0.102129825
1038.75	130.2370758	2.22078	57.55	5197402.69	2340.350098	0.102185984
1038.9	126.611481	2.24166	57.55	5396482.858	2407.360107	0.102185984
1039.050049	126.3959885	2.2429	56.4359016	5408685.998	2411.469971	0.097828684
1039.2	126.8127518	2.240529	55.3934288	5385219.211	2403.548096	0.093844412
1039.350098	126.9349823	2.239849	55.301399	5378388.196	2401.228027	0.093496924
1039.5	127.0650253	2.2391	55.301399	5371085.952	2398.77002	0.093496924
1039.650024	127.232666	2.23814	56.3319016	5361710.806	2395.610107	0.097427204
1039.8	127.45639	2.23681	56.626301	5349129.605	2391.409912	0.098566015
1039.950073	127.9487534	2.233939	56.65	5321706.829	2382.207764	0.098658001
1040.1	128.09021	2.233149	56.65	5313928.521	2379.567383	0.098658001
1040.25	128.2720337	2.23214	56.65	5304011.068	2376.2	0.098658001
1040.4	128.3945618	2.23143	56.65	5297258.467	2373.929932	0.098658001
1040.550049	128.5487823	2.23053	56.65	5288765.247	2371.080078	0.098658001
1040.7	128.864059	2.228719	57.101841	5271562.498	2365.288086	0.100420727
1040.850098	129	2.2279072	57.4015083	5264036.146	2362.771729	0.101599215
1041	129.5643768	2.22463	58.3881989	5233442.075	2352.5	0.105533301
1041.150024	129.776825	2.2234	58.9143982	5221988.193	2348.649902	0.107665505
1041.3	129.776825	2.2234	59.2358017	5221988.193	2348.649902	0.108979703
1041.450073	129.899429	2.222729	59.35	5215474.6	2346.428467	0.109448831
1041.6	130.0014038	2.22214	59.349529	5210010.13	2344.591309	0.109446894
1041.75	129.9237366	2.22258	58.773899	5214150.454	2345.99	0.107093842
1041.9	129.0696869	2.22752	58.2627983	5260310.777	2361.51001	0.105028696
1042.050049	128.5332489	2.2306	58.15	5289578.183	2371.370117	0.104575956
1042.2	128.4975281	2.2308	58.15	5291526.768	2372.031006	0.104575956
1042.350098	128.4448242	2.23109	58.15	5294376.57	2373	0.104575956
1042.5	128.4061432	2.2313	58.15	5296481.371	2373.719971	0.104575956
1042.650024	128.4061432	2.2313	57.9866982	5296481.371	2373.719971	0.103922439
1042.8	128.5024567	2.23077	57.691601	5291252.463	2371.939941	0.102747261
1042.950073	128.6357117	2.23	56.779659	5283937.635	2369.47876	0.099162087
1043.1	128.7257538	2.229449	55.0046158	5278926.463	2367.81665	0.092380972
1043.25	128.9471588	2.22819	51.211399	5266906.417	2363.76001	0.078724103
1043.4	129.1794128	2.22687	47.415199	5254322.056	2359.51001	0.066121183
1043.550049	129.3513336	2.22588	45.508499	5244997.116	2356.370117	0.060166633
1043.7	129.5419464	2.2247813	43.8308182	5234694.765	2352.903076	0.055124266
1043.850098	129.317459	2.2260821	42.993248	5246866.814	2356.996094	0.05267376
1044	128.9038849	2.22846	42.6843987	5269305.202	2364.550049	0.051781162
1044.150024	128.0909882	2.23316	42.0891	5313938.34	2379.560059	0.050077238
1044.3	126.7010956	2.24118	41.2254982	5391516.882	2405.659912	0.047643568
1044.450073	126.3284531	2.243331	41.0122986	5412603.99	2412.753174	0.047049644
1044.6	126.121666	2.2445	41.0123062	5424305.507	2416.709961	0.047049665
1044.75	126.121666	2.2445	41.0243988	5424305.507	2416.709961	0.04708328
1044.9	126.0661926	2.24483	41.5978012	5427505.143	2417.780029	0.048687229
1045.050049	126	2.24525	42.85	5431349.648	2419.040039	0.05225903
1045.2	126.2181549	2.243989	42.85	5418934.857	2414.866943	0.05225903
1045.350098	126.4161911	2.2428	42.85	5407566.566	2411.078369	0.05225903
1045.5	126.521561	2.24224	42.85	5401735.714	2409.080078	0.05225903
1045.650024	126.5474777	2.24209	42.85	5400253.307	2408.580078	0.05225903
1045.8	126.121666	2.2445	42.85	5424305.507	2416.709961	0.05225903
1045.950073	125.980278	2.2453132	42.9080963	5432380.703	2419.431152	0.052427076
1046.1	125.27755	2.2493527	43.15	5472693.791	2433.008301	0.053129044
1046.25	124.751289	2.2524	43.15	5503198.847	2443.26001	0.053129044
1046.4	124.7250748	2.25256	43.15	5504738.596	2443.77002	0.053129044
1046.550049	124.5684052	2.2535	43.15	5513976.695	2446.850098	0.053129044
1046.7	124.7648621	2.252372	43.2179489	5502529.949	2442.993408	0.053326875
1046.850098	126.4473877	2.2426732	43.8963013	5405894.212	2410.468994	0.055317708
1047	127.8175735	2.2347	45.25	5328977.137	2384.649902	0.059377868
1047.150024	128.4238281	2.2312	45.25	5295507.528	2373.389893	0.059377868
1047.3	128.6847382	2.22968	45.25	5281175.629	2368.580078	0.059377868
1047.450073	128.7928467	2.2290771	45.2500114	5275313.402	2366.59082	0.059377903
1047.6	129.41745	2.2254684	45.265316	5241344.828	2355.164795	0.059424481
1047.75	129.776825	2.2234	46.15	5221988.193	2348.649902	0.062142991
1047.9	130.141983	2.2213	47.35	5202418.008	2342.060059	0.065913537
1048.050049	130.771698	2.21766	47.645401	5168877.639	2330.780029	0.06685665
1048.2	130.9592133	2.2166281	47.940506	5159076.893	2327.443604	0.067804782
1048.350098	131.400116	2.2140286	47.95	5135718.253	2319.625977	0.067835384
1048.5	131.6778717	2.2124	47.95	5121130.776	2314.74	0.067835384
1048.650024	131.6178131	2.21276	47.95	5124309.608	2315.8	0.067835384
1048.8	131.1917114	2.21524	47.6787987	5146711.548	2323.320068	0.066963652
1048.950073	130.7412415	2.21781	46.583691	5170423.878	2331.31958	0.063494555
1049.1	130.7693024	2.2176633	46.45	5168996.323	2330.830078	0.063076581
1049.25	130.0773621	2.22171	46.45	5205955.242	2343.219971	0.063076581
1049.4	129.7024536	2.22383	46.8116989	5225978.262	2349.99	0.064210165
1049.550049	129.3784485	2.22575	47.514801	5243599.649	2355.879883	0.066438955
1049.7	129.024231	2.2278018	47.8924446	5262840.186	2362.34668	0.067649959
1049.850098	128.5923157	2.23026	47.9504547	5286343.461	2370.28125	0.06783685
1050	128.5161743	2.23072	48.5075989	5290576.186	2371.689941	0.069643646
1050.150024	128.5493927	2.23055	48.805401	5288790.341	2371.070068	0.070618266
1050.3	128.5853729	2.23028	48.983601	5286677.819	2370.409912	0.071204436
1050.450073	128.6216888	2.23005	49.16188	5284637.576	2369.739502	0.071793105
1050.6	128.6667633	2.2297864	49.3823776	5282136.975	2368.898193	0.072524286
1050.75	129.44368	2.22531	50.7033	5239915.073	2354.689941	0.076977424
1050.9	129.2172241	2.22667	51.6581	5252313.882	2358.820068	0.080275462
1051.050049	128.7722015	2.2292	51.85	5276449.459	2366.969971	0.080946478
1051.2	128.2653656	2.2321	51.85	5304181.845	2376.319092	0.080946478
1051.350098	128.3299866	2.2317564	51.85	5300685.163	2375.118164	0.080946478
1051.5	129.1169434	2.22722	51.85	5257686.675	2360.649902	0.080946478
1051.650024	129.557373	2.2247	51.85	5233895.7	2352.629883	0.080946478
1051.8	129.4872742	2.22508	52.3758011	5237615.812	2353.9	0.082799207
1051.950073	128.6305237	2.23	52.7504044	5284167.93	2369.582031	0.084131929
1052.1	127.181801	2.2383735	53.2475281	5364442.978	2396.580811	0.085917097
1052.25	126.4874268	2.2424	53.65	5403578.507	2409.72998	0.087376329
1052.4	126.4874268	2.2424	53.65	5403578.507	2409.72998	0.087376329
1052.550049	127.2088852	2.23826	54.2554016	5363005.387	2396.060059	0.089595094
1052.7	128.8262634	2.228924	54.996624	5273592.827	2365.981445	0.092351019
1052.850098	130.0790863	2.2216487	55.15	5205736.751	2343.186279	0.092926755
1053	130.3327942	2.2202	55.15	5192226.066	2338.629883	0.092926755
1053.150024	129.7509155	2.22357	54.4897	5223433.019	2349.120117	0.09046152
1053.3	129.02092	2.22778	52.7598	5262929.554	2362.409912	0.084165493
1053.450073	128.71315	2.229563	50.3231583	5279738.544	2368.059815	0.075682968
1053.6	128.066971	2.2332733	48.55	5315213.354	2380.010254	0.069782035
1053.75	127.38446	2.23721	48.55	5353106.622	2392.76001	0.069782035
1053.9	127.3399582	2.23751	48.6581	5355681.758	2393.590088	0.070135418
1054.050049	128.3180542	2.23185	49.263	5301425.116	2375.350098	0.072127996
1054.2	131.38121	2.214118	51.5320625	5136674.839	2319.964356	0.079836242
1054.350098	133.9054565	2.19954	54.9255676	5006654.595	2276.228027	0.09208493
1054.5	134.0473785	2.19872	55.75	4999493.661	2273.820068	0.09519723
1054.650024	133.1098175	2.20414	55.75	5047128.131	2289.840088	0.09519723
1054.8	132.3002625	2.20884	55.7005	5088836.25	2303.850098	0.095008812
1054.950073	131.5134277	2.2133727	55.5627975	5129796.543	2317.637939	0.094485705
1055.1	130.9600525	2.21662	55.56295	5159028.276	2327.430176	0.094486283
1055.25	130.9396515	2.21672	55.750401	5160058.735	2327.790039	0.095198757
1055.4	130.9125061	2.21684	56.605801	5161402.111	2328.27002	0.098486484
1055.550049	130.8872223	2.21702	57.4019012	5162818.75	2328.719971	0.101600765
1055.7	130.6877441	2.2181642	57.85	5173365.985	2332.273682	0.103377139
1055.850098	129.762619	2.223481	57.84993	5222741.361	2348.903076	0.10337686
1056	129.5360413	2.22477	57.7683983	5234906.08	2353.01001	0.103052381
1056.150024	128.5948181	2.23026	57.1777	5286251.462	2370.24	0.100718341
1056.3	128.6435852	2.22997	56.5875015	5283557.316	2369.340088	0.098415519
1056.450073	128.6902466	2.22967	55.808342	5280927.669	2368.479492	0.09541956
1056.6	128.7365875	2.22939	53.152462	5278368.751	2367.62915	0.085574247
1056.75	128.7831879	2.22918	50.65	5275956.393	2366.77002	0.076795293
1056.9	128.8295135	2.22889	50.65	5273375.255	2365.919922	0.076795293
1057.050049	128.8761444	2.22859	50.7013016	5270749.196	2365.060059	0.076970591
1057.2	128.922821	2.2283	52.75	5268167.424	2364.209229	0.084130485
1057.350098	128.9694519	2.2281	52.75	5265778.721	2363.349365	0.084130485
1057.5	129.0163574	2.2278	52.75	5263155.222	2362.49	0.084130485
1057.650024	129.0629883	2.22751	54.2146	5260576.477	2361.639893	0.089444654
1057.8	129.109314	2.22731	54.826099	5258211.262	2360.790039	0.091713121
1057.950073	129.39476	2.225599	56.55048	5242570.689	2355.577393	0.098272035
1058.1	129.5809021	2.22457	56.6504478	5232630.187	2352.198486	0.098659739
1058.25	129.67746	2.22395	57.197701	5227283.169	2350.449951	0.10079689
1058.4	129.3577271	2.22587	57.25	5244728.468	2356.26001	0.101002441
1058.550049	128.6761932	2.2298	56.7218018	5281816.452	2368.74	0.098936978
1058.7	127.01004	2.2393672	54.3153534	5374057.572	2399.810791	0.089816381
1058.850098	127.61409	2.235881	52.4221764	5340297.507	2388.453369	0.082963618
1059	127.3862839	2.23725	52.15	5353112.755	2392.719971	0.082001016
1059.150024	127.0857468	2.23892	51.905201	5369780.687	2398.379883	0.081140009
1059.3	126.962616	2.23968	51.61	5376822.085	2400.709961	0.080107702
1059.450073	127.0876236	2.23894	51.55	5369760.328	2398.349365	0.079898679
1059.6	127.1274033	2.2386971	51.55	5367457.209	2397.580811	0.079898679
1059.75	127.7456436	2.23516	51.55	5333069.408	2385.99	0.079898679
1059.9	127.881889	2.23437	51.770901	5325509.067	2383.449951	0.080669559
1060.050049	128.1330414	2.23292	53.2375984	5311625.502	2378.780029	0.085881254
1060.2	128.46463	2.2309585	53.7768974	5293250.243	2372.63501	0.087839026
1060.350098	128.778259	2.2291582	53.7766685	5276095.276	2366.855469	0.08783819
1060.5	129.0916443	2.22739	53.4897	5259113.042	2361.110107	0.086793629
1060.650024	129.4046631	2.22555	53.1533012	5242060.47	2355.4	0.08557727
1060.8	129.7183075	2.22375	53.05	5225167.526	2349.709961	0.085205503
1060.950073	130.0830688	2.2216587	53.0504456	5205605.058	2343.116455	0.085207105
1061.1	130.3447418	2.22013	53.598671	5191571.83	2338.408936	0.087189527
1061.25	130.4163055	2.2197	54.6604	5187727.201	2337.129883	0.091095499
1061.4	130.3108368	2.22033	55.668499	5193396.321	2339.02002	0.094887108
1061.550049	130.8482056	2.21721	56.05	5164813.145	2329.419922	0.096343432
1061.7	131.1808014	2.21527	56.0497437	5147199.856	2323.509033	0.096342449
1061.850098	131.24678	2.2149029	55.7324753	5143846.478	2322.380127	0.0951305
1062	128.5195313	2.23065	55.45	5290254.414	2371.620117	0.094058353
1062.150024	128.6134033	2.23012	55.3011017	5285138.847	2369.889893	0.093495803
1062.3	131.424881	2.21388	55.006001	5134430.496	2319.2	0.092386164
1062.450073	131.3300629	2.2144	54.85	5139335.869	2320.870606	0.09180239
1062.6	131.2888947	2.21467	54.85	5141579.71	2321.60083	0.09180239
1062.75	131.2386475	2.215	54.85	5144315.35	2322.49	0.09180239
1062.9	131.2386475	2.215	54.974701	5144315.35	2322.49	0.092268879
1063.050049	130.726593	2.21796	55.15	5171351.35	2331.580078	0.092926755
1063.2	130.0296021	2.221979	55.1497345	5208492.91	2344.078369	0.092925757
1063.350098	130.141983	2.2213	54.817318	5202418.008	2342.060059	0.091680336
1063.5	130.141983	2.2213	53.615299	5202418.008	2342.060059	0.087250019
1063.650024	130.141983	2.2213	52.45	5202418.008	2342.060059	0.083062337
1063.8	130.141983	2.2213	52.45	5202418.008	2342.060059	0.083062337
1063.950073	130.141983	2.2213	52.4503517	5202418.008	2342.060059	0.083063585
1064.1	130.141983	2.2213	52.8842354	5202418.008	2342.060059	0.084610651
1064.25	130.141983	2.2213	54.031601	5202418.008	2342.060059	0.08877153
1064.4	129.697281	2.22386	54.25	5226271.343	2350.090088	0.08957517
1064.550049	128.4061432	2.2313	54.3219986	5296481.371	2373.719971	0.089840926
1064.7	128.4061432	2.2313	54.55	5296481.371	2373.719971	0.09068521
1064.850098	128.4006348	2.23134	54.5500412	5296800.216	2373.820313	0.090685363
1065	128.374451	2.23154	54.605301	5298345.422	2374.3	0.090890609
1065.150024	128.34549	2.23172	54.837799	5299978.121	2374.840088	0.091756814
1065.3	128.3165283	2.23183	54.837799	5301444.084	2375.379883	0.091756814
1065.450073	128.2875366	2.23203	54.7957764	5303103.29	2375.9104	0.091599934
1065.6	128.258606	2.23221	54.3946228	5304736.434	2376.450439	0.090109405
1065.75	128.22966	2.23232	53.080299	5306202.317	2376.99	0.08531446
1065.9	128.2006989	2.23252	50.7771988	5307860.995	2377.52002	0.077230287
1066.050049	128.1717529	2.23271	49.1017	5309518.473	2378.060059	0.071594143
1066.2	128.1427612	2.23281	48.55	5310963.174	2378.600586	0.069782035
1066.350098	128.1138153	2.23301	48.5500221	5312621.91	2379.130371	0.069782107
1066.5	128.0848846	2.2332	48.5786018	5314278.87	2379.669922	0.069875455
1066.650024	128.05928	2.23329	49.4891014	5315564.975	2380.149902	0.072879427
1066.8	128.2232666	2.2324	51.85	5306638.04	2377.1	0.080946478
1066.950073	128.0405273	2.233401	54.2512016	5316594.723	2380.492676	0.089579602
1067.1	127.8606339	2.2344813	55.7268181	5326677.739	2383.854248	0.095108965
1067.25	127.5926285	2.23605	55.75	5341588.261	2388.850098	0.09519723
1067.4	127.5837936	2.2361	55.75	5342087.667	2389.02002	0.09519723
1067.550049	127.412491	2.23704	53.7832985	5351514.154	2392.22998	0.087862399
1067.7	127.6534424	2.235719	52.5442963	5338264.355	2387.717041	0.083397341
1067.850098	127.840469	2.2346	50.8195267	5327776.31	2384.219238	0.077375302
1068	127.8742676	2.23441	48.517799	5325917.528	2383.590088	0.069676926
1068.150024	127.89225	2.23431	47.944599	5324941.673	2383.26001	0.067817974
1068.3	127.9105377	2.23421	47.8998985	5323943.519	2382.919922	0.067673961
1068.450073	127.92836	2.2341211	47.9001312	5322979.516	2382.583252	0.06767471
1068.6	127.72	2.23534	48.1887474	5334572.876	2386.470459	0.068606992
1068.75	127.6752319	2.2356	48.492599	5337070.367	2387.310059	0.06959472
1068.9	127.6752319	2.2356	49.0250015	5337070.367	2387.310059	0.071340939
1069.050049	127.4624786	2.23676	49.6157	5348741.908	2391.290039	0.073301757
1069.2	126.3588638	2.2431831	49.9780579	5410962.352	2412.18042	0.074516908
1069.350098	125.6902847	2.247041	50.05	5449100.758	2425.011719	0.074759284
1069.5	125.5736389	2.2477	50.05	5455752.324	2427.26001	0.074759284
1069.650024	125.7190247	2.24685	50.040501	5447375.373	2424.449951	0.07472726
1069.8	125.5605316	2.24775	50.0460014	5456435.625	2427.51001	0.074745803
1069.950073	125.0156479	2.2508926	50.1705475	5487877.839	2438.0896	0.07516625
1070.1	124.4053574	2.254426	50.2275238	5523451.578	2450.047852	0.075358967
1070.25	125.1783142	2.24996	50.7478981	5478494.949	2434.929932	0.077129979
1070.4	125.6227112	2.24741	51.0306015	5452913.489	2426.310059	0.078100405
1070.550049	125.5736389	2.2477	51.0306015	5455752.324	2427.26001	0.078100405
1070.7	125.5736389	2.2477	50.982029	5455752.324	2427.26001	0.077933255
1070.850098	125.5742722	2.2476962	50.77446	5455693.164	2427.237793	0.077220908
1071	126.3527069	2.24321	50.4795	5411273.138	2412.290039	0.076214069
1071.150024	126.5410767	2.24212	48.3639984	5400594.444	2408.7	0.069175896
