Depth(m)	AC	老b	AI	Vp	Porosity	GR	Vc
1083.9	125.0205383	2.2509	5490640	2437.997315	0.24944	59.7149124	0.110955592
1084.050049	124.7495651	2.252445	5508050	2443.295654	0.24847	59.2493439	0.109035275
1084.2	124.4608917	2.254089	5524600	2448.962647	0.24744	59.122299	0.108514567
1084.350098	124.4718018	2.254021	5517770	2448.747315	0.24749	58.8376083	0.107352849
1084.5	125.304718	2.2492213	5454650	2432.507324	0.25049	57.1184654	0.100485907
1084.650024	126.8555679	2.2402761	5357600	2402.820557	0.25608	55.0240364	0.09245378
1084.8	128.4947815	2.2308145	5268320	2372.150635	0.26199	55.64119	0.094783315
1084.950073	129.324051	2.2260356	5238620	2356.879883	0.26498	58.88308	0.107537928
1085.1	129.1601257	2.2269614	5261460	2359.866455	0.2644	63.2922745	0.126366174
1085.25	128.1781616	2.2326145	5326890	2377.97998	0.26087	65.4924316	0.136446088
1085.4	126.3657913	2.2430756	5441910	2412.166016	0.25433	64.435318	0.1315438
1085.550049	124.5288467	2.2536888	5543720	2447.719238	0.24769	62.134979	0.121251276
1085.7	123.9120483	2.2572587	5555610	2459.80835	0.24546	62.23362	0.121682325
1085.850098	124.3262787	2.2548983	5518610	2451.622559	0.24694	62.9164276	0.124691152
1086	125.9691086	2.2454185	5403000	2419.759033	0.25286	65.761467	0.137711501
1086.150024	127.628067	2.235819	5316970	2388.256592	0.25886	67.7285461	0.147188126
1086.3	127.524559	2.2364252	5355870	2390.138428	0.25848	68.0485687	0.148767902
1086.450073	126.5	2.242329	5420110	2409.526367	0.25479	63.0676613	0.125363532
1086.6	126.4758224	2.2424874	5398660	2409.949463	0.2547	52.3313026	0.082641603
1086.75	127.6646652	2.2356272	5316180	2387.563477	0.25898	46.1639786	0.062186359
1086.9	130.2870331	2.2204559	5152430	2339.699707	0.26847	45.4267311	0.059916661
1087.050049	133.4397125	2.2022464	4987410	2284.436279	0.27985	45.6421432	0.060576137
1087.2	135.06282	2.1928778	4934850	2256.751465	0.2857	43.8294754	0.055120303
1087.350098	135.4869232	2.19046	4925250	2249.664795	0.28721	38.0395088	0.039044005
1087.5	135.6563873	2.189466	4917290	2246.857178	0.28783	34.961121	0.031272992
1087.650024	135.5552979	2.1900682	4927040	2248.5271	0.28746	34.3128166	0.029700591
1087.8	135.3590546	2.19118	4936640	2251.789795	0.28676	35.5340233	0.032680762
1087.950073	135.169479	2.192299	4946020	2254.949951	0.28606	36.95974	0.036259861
1088.1	135.13533	2.192512	4944970	2255.515625	0.28593	37.6350555	0.037993604
1088.25	135.7155	2.1891589	4906300	2245.889404	0.28803	38.0928268	0.039183155
1088.4	136.503189	2.1846116	4867860	2232.933106	0.29087	39.537075	0.043013333
1088.550049	136.71315	2.1834	4867860	2229.49	0.29163	43.0066032	0.05271249
1088.7	136.1402588	2.18671	4905920	2238.884522	0.28956	47.0489235	0.064958411
1088.850098	135.6390686	2.1895978	4925580	2247.141113	0.28775	48.5039215	0.06963165
1089	135.106979	2.1926367	4954250	2255.996582	0.28585	48.3392372	0.069095386
1089.150024	134.928772	2.1936522	4955810	2258.968994	0.28522	47.279079	0.065687996
1089.3	135.1878815	2.1921513	4937720	2254.640381	0.28616	45.0314674	0.058714445
1089.450073	135.5725555	2.1899314	4918370	2248.242188	0.28754	38.1690254	0.039382295
1089.6	135.70636	2.1891613	4916390	2246.025635	0.28802	31.7200813	0.023625493
1089.75	136.6030579	2.18402	4857640	2231.31958	0.29124	31.16947	0.022378112
1089.9	137.186371	2.1806366	4840350	2221.796387	0.29335	36.008522	0.03385985
1090.050049	136.6926727	2.1835	4879250	2229.830322	0.29156	42.8409767	0.052232948
1090.2	135.5013428	2.1903768	4944730	2249.46875	0.28726	46.460079	0.063108051
1090.350098	134.50679	2.1960969	4988140	2266.074707	0.28369	46.9790878	0.064737744
1090.5	133.8191376	2.2	5019590	2277.71167	0.28125	45.2922173	0.05950639
1090.650024	133.1089478	2.204205	5057480	2289.870117	0.27862	43.7506332	0.054887763
1090.8	131.1215515	2.2156541	5185420	2324.716309	0.27147	42.7519341	0.051975841
1090.950073	128.7466125	2.2293713	5312690	2367.59082	0.26289	40.375351	0.04529129
1091.1	127.4904633	2.2366376	5360070	2390.787109	0.25835	39.3866	0.04260873
1091.25	127.9036789	2.2342284	5311500	2383.066406	0.25986	40.909081	0.046763074
1091.4	128.2350311	2.2322977	5303960	2376.887695	0.26106	43	0.05269334
1091.550049	131.4383545	2.2138226	5077820	2319.453125	0.27261	43.284519	0.053520971
1091.7	134.538589	2.195949	4939800	2265.696289	0.28378	40.8842354	0.046694188
1091.850098	135.351532	2.1912389	4932570	2251.916016	0.28673	38.379673	0.039934498
1092	135.5206757	2.19024	4923730	2249.102783	0.28735	35.7456284	0.033205105
1092.150024	135.4095612	2.190899	4934500	2250.951416	0.28694	33.80584	0.028486058
1092.3	135.26825	2.1917171	4940090	2253.304443	0.28643	32.4457321	0.025291998
1092.450073	135.38176	2.191061	4930410	2251.410156	0.28684	31.18294	0.022408452
1092.6	135.8249512	2.1885214	4904310	2244.073975	0.28842	30.3775463	0.020609593
1092.75	136.2218933	2.1862364	4887230	2237.529297	0.28985	30.2440815	0.020314477
1092.9	136.1593475	2.186595	4897580	2238.553223	0.28963	31.2953854	0.022662073
1093.050049	135.8906555	2.188131	4911700	2242.980957	0.28867	32.9703484	0.026513014
1093.2	135.7427826	2.188959	4916390	2245.424316	0.28815	34.5933456	0.030378315
1093.350098	135.7170715	2.1891	4916390	2245.850098	0.28806	36.4854164	0.035057
1093.5	136.05806	2.18715	4893720	2240.227051	0.28928	38.0385666	0.039041547
1093.650024	136.5717773	2.18421	4867860	2231.803955	0.29112	38.58725	0.040481089
1093.8	136.71315	2.1834	4867860	2229.49	0.29163	40.1051254	0.044552509
1093.950073	136.651871	2.1837375	4871860	2230.488281	0.29141	43.4955025	0.054137954
1094.1	136.3681335	2.1853645	4889220	2235.128662	0.2904	46.43037	0.06301531
1094.25	135.8986053	2.1880946	4914290	2242.853027	0.28869	47.0124321	0.064843064
1094.4	135.25766	2.191803	4948390	2253.486328	0.28637	43.5592232	0.054324841
1094.550049	134.36676	2.196933	4996480	2268.44165	0.28317	37.8915863	0.038658784
1094.7	133.7285461	2.200589	5022690	2279.248047	0.28088	33.4450836	0.027629795
1094.850098	133.3969116	2.2024956	5036080	2284.910156	0.27969	31.6195927	0.023396745
1095	133.416214	2.202379	5029870	2284.577637	0.27976	33.917339	0.028752042
1095.150024	133.747757	2.2004657	5009210	2278.920898	0.28096	37.2510033	0.037004556
1095.3	134.120239	2.1983283	4991080	2272.593018	0.28229	41.888519	0.04950798
1095.450073	134.1808167	2.198	4993580	2271.564453	0.2825	45.972599	0.061593735
1095.6	133.7721252	2.200341	5020740	2278.510254	0.28104	47.3671112	0.065968005
1095.75	133.3410034	2.2028167	5040700	2285.869141	0.27949	48.02076	0.068063663
1095.9	132.9956665	2.2048213	5057500	2291.805664	0.27824	47.8530312	0.067523114
1096.050049	132.82132	2.2058439	5063640	2294.814697	0.2776	46.1470833	0.062133944
1096.2	132.6475067	2.2068079	5073460	2297.818604	0.277	44.7383652	0.057829493
1096.350098	132.6903229	2.2065687	5066990	2297.080811	0.27714	46.456051	0.063095474
1096.5	133.6085358	2.2012775	5005550	2281.329102	0.28045	51.7881279	0.080729829
1096.650024	134.7915649	2.1944747	4946770	2261.304443	0.2847	52.171459	0.082076707
1096.8	135.0168762	2.1931276	4952500	2257.493164	0.28555	48.4158478	0.06934462
1096.950073	134.8857117	2.1938772	4959290	2259.693359	0.28508	44.0081177	0.055648647
1097.1	134.7310638	2.194824	4967510	2262.288818	0.28448	40.711525	0.046216347
1097.25	134.43	2.1965785	4985130	2267.357422	0.28339	43.1752968	0.053202661
1097.4	134.4874268	2.19621	4974680	2266.386719	0.28362	46.8795738	0.064423866
1097.550049	134.8349762	2.1941922	4954780	2260.542725	0.28488	48.3364983	0.069086483
1097.7	135.3642883	2.1911728	4926310	2251.706787	0.28677	45.9360237	0.061480752
1097.850098	135.5172882	2.1903	4926350	2249.157227	0.28731	44.013611	0.055664926
1098	135.2675323	2.1916928	4943030	2253.31665	0.28644	44.3232765	0.056585679
1098.150024	135.0022278	2.1932127	4954870	2257.74292	0.28549	45.2243729	0.059299909
1098.3	134.7836761	2.19452	4965540	2261.405518	0.28468	45.148056	0.059068
1098.450073	134.8625031	2.1940453	4956260	2260.082275	0.28497	43.1104355	0.053013986
1098.6	134.9544373	2.1935077	4953350	2258.540772	0.28531	41.3830566	0.048084232
1098.75	134.6618652	2.195231	4974440	2263.448486	0.28423	41.56398	0.048592077
1098.9	133.9984283	2.1990376	5012160	2274.662842	0.28185	44.845417	0.058152068
1099.050049	133.3538666	2.2027779	5043030	2285.65332	0.27951	47.760128	0.067224542
1099.2	133.4007568	2.2025237	5028590	2284.843262	0.27967	49.47044	0.07281727
1099.350098	133.8891449	2.1996756	5000000	2276.518799	0.28145	51.1254654	0.078427357
1099.5	134.962601	2.1934922	4937210	2258.442627	0.28532	52.0563011	0.081670926
1099.650024	136.184494	2.1864533	4877990	2238.174561	0.28972	52.5557365	0.08343803
1099.8	137.3783417	2.179551	4820670	2218.719971	0.29403	47.8576012	0.067537816
1099.950073	127.6282654	2.23584	5570680	2393.322266	0.25885	43.0882912	0.05294963
1100.1	131.4642181	2.2136447	5014900	2321.330566	0.27272	40.1170616	0.044585052
1100.25	136.7234344	2.1832461	4822550	2229.602539	0.29172	38.904591	0.041321412
1100.4	137.783844	2.177171	4813980	2212.159912	0.29552	38.418171	0.040035688
1100.550049	137.1568146	2.1808145	4858310	2222.293457	0.29324	38.4717751	0.040176722
1100.7	136.2530823	2.1860244	4901880	2237.03125	0.28998	38.8579865	0.041197646
1100.850098	135.489441	2.1904385	4937100	2249.629883	0.28723	39.3055077	0.042391225
1101	134.161377	2.1981161	5015120	2271.950928	0.28243	39.75267	0.043595305
1101.150024	133.780029	2.2003045	5012560	2278.36499	0.28106	40.4234123	0.045423135
1101.3	134.2257233	2.1977127	4982680	2270.805908	0.28268	41.9323883	0.049632274
1101.450073	134.57782	2.195699	4969450	2264.859131	0.28394	43.201599	0.053279247
1101.6	134.5209351	2.1960487	4978190	2265.820313	0.28372	44.6438026	0.057545165
1101.75	134.275177	2.197449	4991770	2269.965088	0.28284	46.1006584	0.061990014
1101.9	134.1445923	2.1981828	4995710	2272.173096	0.28239	47.3312	0.065853716
1102.050049	134.123581	2.1983	4995710	2272.530029	0.28231	47.4825134	0.06633587
1102.2	134.123581	2.1983	4995710	2272.530029	0.28231	46.07	0.061895043
1102.350098	134.0448456	2.1987772	5001180	2273.865723	0.28201	43.9358711	0.055434731
1102.5	134.0252228	2.1988914	5000550	2274.195801	0.28194	41.524151	0.04848011
1102.650024	134.0982513	2.1984518	4995710	2272.95874	0.28222	39.7389488	0.043558186
1102.8	134.1953888	2.1979036	4990840	2271.311768	0.28256	39.3304863	0.042458183
1102.950073	134.2957	2.197349	4985800	2269.61499	0.28291	39.975571	0.044199825
1103.1	133.920166	2.1995265	5013590	2275.985596	0.28155	40.2759171	0.045018947
1103.25	133.4940643	2.201968	5032850	2283.247315	0.28002	40.05389	0.044412915
1103.4	133.63649	2.201119	5015830	2280.815186	0.28055	42.04731	0.049958434
1103.550049	133.7252045	2.2006	5015830	2279.3	0.28087	47.4303627	0.066169518
1103.7	133.7829285	2.2002842	5011900	2278.316406	0.28107	52.3194771	0.082599745
1103.850098	133.7262268	2.2006249	5017300	2279.281006	0.28086	53.0292015	0.085130752
1104	133.2668	2.2032678	5047220	2287.149902	0.27921	50.39233	0.075917729
1104.150024	132.6274261	2.20698	5081120	2298.174805	0.27689	44.1380539	0.05603421
1104.3	131.9738617	2.210759	5114910	2309.559326	0.27453	38.5950928	0.040501789
1104.450073	131.9272461	2.2110188	5106010	2310.366211	0.27436	36.935833	0.036198942
1104.6	132.89241	2.2054288	5041340	2293.626465	0.27786	38.191227	0.039440378
1104.75	133.9031677	2.1996145	4994540	2276.296143	0.28149	40.3302422	0.045167669
1104.9	134.4519348	2.1964464	4973820	2266.983398	0.28347	42.7078323	0.05184868
1105.050049	134.1457062	2.1981881	5002240	2272.161133	0.28238	46.6547356	0.063717157
1105.2	133.63031	2.2011855	5027470	2280.92627	0.28051	43.885704	0.055286384
1105.350098	133.2581024	2.20334	5044110	2287.297363	0.27916	45.9537163	0.061535394
1105.5	133.2555389	2.2033267	5038160	2287.338379	0.27917	50.340786	0.075742762
1105.650024	133.0604248	2.2044752	5054030	2290.691406	0.27845	50.0983124	0.07492226
1105.8	132.2782745	2.2089965	5103390	2304.275879	0.27563	48.4698868	0.069520668
1105.950073	130.9334259	2.2167277	5181270	2327.962891	0.2708	49.4779167	0.07284217
1106.1	130.6598358	2.2182956	5172500	2332.777344	0.26982	51.0810738	0.078274277
1106.25	131.6378479	2.2126515	5105700	2315.487549	0.27334	47.6618156	0.066909231
1106.4	133.3224945	2.2029274	5011520	2286.272705	0.27942	45.5802383	0.060386307
1106.550049	134.3326569	2.1970935	4975700	2269.006104	0.28307	44.40424	0.056827421
1106.7	134.4781036	2.19625	4978710	2266.54126	0.28359	43.7907219	0.055005953
1106.850098	133.92131	2.1994665	5015830	2275.976807	0.28158	43.9986382	0.05562056
1107	133.731461	2.2005634	5015400	2279.197266	0.2809	44.067421	0.055824486
1107.150024	133.9010315	2.1996181	5004000	2276.313232	0.28149	43.0398369	0.052808917
1107.3	134.950943	2.1935332	4936490	2258.649414	0.28529	40.7726784	0.04638534
1107.450073	134.7315216	2.194789	4975700	2262.293213	0.28451	44.3746758	0.056739099
1107.6	133.9405518	2.1993542	5015600	2275.649414	0.28165	50.5776672	0.076548456
1107.75	133.4404144	2.2022417	5035650	2284.168457	0.27985	54.24778	0.089566983
1107.9	133.188141	2.203731	5045980	2288.493897	0.27892	51.2815361	0.078966705
1108.050049	133.4063721	2.2024868	5027130	2284.749512	0.2797	45.5753746	0.060371403
1108.2	133.79274	2.2002614	5007250	2278.150147	0.28109	39.60342	0.043192138
1108.350098	134.18457	2.1980014	4987520	2271.50415	0.2825	34.7514	0.030761948
1108.5	134.7075348	2.1949441	4958840	2262.6875	0.28441	30.8946419	0.021760973
1108.650024	135.2913818	2.1915922	4929770	2252.922119	0.2865	28.7676029	0.017105252
1108.8	135.3725433	2.1911037	4934750	2251.565186	0.28681	30.8379021	0.021634012
1108.950073	135.0770111	2.1927986	4952870	2256.49707	0.28575	35.8321533	0.033420192
1109.1	134.9361572	2.19361	4955810	2258.84668	0.28524	41.3070068	0.047871349
1109.25	134.6812286	2.1950784	4972090	2263.120117	0.28433	46.4178963	0.06297639
1109.4	134.776001	2.194531	4959730	2261.527588	0.28467	48.4178429	0.069351116
1109.550049	135.0144653	2.1931813	4948110	2257.535645	0.28551	46.82074	0.064238612
1109.7	134.99556	2.193285	4953570	2257.855225	0.28545	42.82375	0.052183168
1109.850098	134.9324951	2.1936336	4955810	2258.907959	0.28523	42.2869949	0.050641269
1110	134.8124084	2.1943526	4963230	2260.920898	0.28478	43.7610054	0.054918333
1110.150024	135.0522	2.1929615	4944290	2256.90625	0.28565	45.6777725	0.060685508
1110.3	135.688141	2.1892726	4908330	2246.343994	0.28795	46.6725883	0.063773147
1110.450073	135.6490936	2.1894929	4923940	2246.976074	0.28782	45.685894	0.06071045
1110.6	135.1868439	2.19216	4949380	2254.659912	0.28615	42.2750473	0.050607149
1110.75	134.088562	2.1985219	5015490	2273.164063	0.28217	40.4358253	0.045457209
1110.9	132.4446564	2.2080121	5106010	2301.418945	0.27624	40.8178711	0.046510368
1111.050049	131.1381836	2.2155418	5165570	2324.311279	0.27154	42.5514336	0.051398693
1111.2	129.9024048	2.22267	5233660	2346.425537	0.26708	45.26733	0.059430612
1111.350098	128.78299	2.2291265	5291400	2366.804199	0.26305	47.560841	0.066586071
1111.5	127.9413147	2.2339857	5333460	2382.356201	0.26001	51.9847832	0.081419422
1111.650024	127.1652985	2.2384837	5377120	2396.893555	0.2572	55.928791	0.095879447
1111.8	126.384979	2.2430146	5421300	2411.713623	0.25437	56.48267	0.098009519
1111.950073	125.2689972	2.2494457	5492650	2433.218262	0.25035	59.9475136	0.111922177
1112.1	124.746376	2.2524557	5507760	2443.359863	0.24847	67.276291	0.144973934
1112.25	125.0304718	2.2508366	5479660	2437.809326	0.24948	73.7159882	0.178611545
1112.4	125.230072	2.2496746	5474040	2433.917725	0.2502	75.16967	0.186866906
1112.550049	125.4677963	2.24828	5457340	2429.310059	0.25108	70.1022263	0.159166933
1112.7	125.7663727	2.24656	5440050	2423.54126	0.25215	65.6500854	0.137186733
1112.850098	126.94355	2.2397954	5356720	2401.131836	0.25638	64.8883972	0.133631367
1113	129.16098	2.22699	5219820	2360.015137	0.26438	65.691597	0.137382166
1113.150024	130.7419281	2.2178552	5152930	2331.350098	0.27009	68.8233643	0.152637689
1113.3	131.3553619	2.2143154	5132820	2320.43335	0.2723	70.6606369	0.162074358
1113.450073	131.096283	2.2158	5158730	2325.017822	0.27137	71.5682831	0.166874781
1113.6	129.9349518	2.222509	5234120	2345.839844	0.26718	74.14621	0.181028082
1113.75	127.9314728	2.2340539	5356230	2382.666504	0.25997	77.1407089	0.198477922
1113.9	125.8475952	2.246091	5471270	2422.0979	0.25244	76.2926788	0.193422331
1114.050049	124.4337463	2.254277	5540490	2449.545166	0.24733	72.7023468	0.17300505
1114.2	123.734108	2.2583265	5571270	2463.36084	0.2448	70.8472061	0.16305351
1114.350098	123.747963	2.2582273	5558910	2463.074219	0.24486	72.06707	0.169552718
1114.5	124.105011	2.2561553	5534610	2455.987793	0.24615	73.4568787	0.177166824
1114.650024	126.9190521	2.2399213	5340450	2401.929199	0.2563	71.1400223	0.16459816
1114.8	136.043	2.18723	4758960	2243.491943	0.28923	67.8630142	0.147850605
1114.950073	139.374969	2.1679778	4734780	2186.913086	0.30126	68.6962585	0.151998445
1115.1	140.061264	2.1639874	4700070	2176.207031	0.30376	69.5981827	0.156572206
1115.25	137.8419037	2.176825	4873120	2211.473877	0.29573	67.7560577	0.147323511
1115.4	126.4972153	2.2423267	5624720	2415.237061	0.2548	60.914444	0.115992207
1115.550049	123.31813	2.2606759	5574360	2471.665283	0.24333	55.2852974	0.093436198
1115.7	124.366791	2.2546239	5508240	2450.849365	0.24711	53.8971977	0.088278829
1115.850098	125.224678	2.2496779	5464110	2434.041016	0.2502	54.597469	0.090861505
1116	125.98909	2.2452989	5420560	2419.276611	0.25294	54.05212	0.088846874
1116.150024	127.8218918	2.2347312	5296270	2384.707764	0.25954	53.9949722	0.088637114
1116.3	128.9490662	2.2282228	5256330	2363.740723	0.26361	50.1475334	0.075088474
1116.450073	129.1434631	2.2271	5256330	2360.169922	0.26431	49.4448051	0.072731926
1116.6	129.1434631	2.2271	5256330	2360.169922	0.26431	51.608299	0.080101773
1116.75	129.1434631	2.2271	5256330	2360.169922	0.26431	52.287014	0.082484891
1116.9	129.1434631	2.2271	5256330	2360.169678	0.26431	53.0809669	0.085316863
1117.050049	129.1434631	2.2271	5256330	2360.177246	0.26431	54.1783333	0.089311046
1117.2	128.5663147	2.230432	5299320	2370.785156	0.26223	55.271179	0.093382968
1117.350098	128.6331177	2.2300472	5278680	2369.536377	0.26247	56.3586121	0.097530231
1117.5	128.7419128	2.2294188	5278040	2367.528565	0.26286	57.4253922	0.101693467
1117.650024	128.7450867	2.2294	5278040	2367.469971	0.26287	56.177536	0.096832936
1117.8	129.4195557	2.2254734	5228080	2355.169434	0.26533	53.3635941	0.086336627
1117.950073	128.7920532	2.2291141	5292830	2366.650879	0.26305	52.364281	0.082758391
1118.1	128.1204834	2.233005	5319470	2379.020508	0.26062	51.70388	0.080435291
1118.25	128.34288	2.23169	5292970	2374.892578	0.26144	49.95694	0.074445831
1118.4	129.404892	2.2255764	5223940	2355.439209	0.26526	47.4696846	0.066294931
1118.550049	130.381012	2.2199531	5177480	2337.790772	0.26878	49.0202637	0.071325312
1118.7	130.340851	2.220154	5197040	2338.491211	0.26865	53.6228638	0.087277547
1118.850098	129.6929321	2.223881	5237270	2350.179932	0.26632	56.769516	0.099122603
1119	128.6863251	2.2296927	5297340	2368.581787	0.26269	57.0462646	0.100202992
1119.150024	128.0987854	2.2331071	5319400	2379.414063	0.26056	56.3204956	0.097383226
1119.3	127.848381	2.2345448	5330200	2384.068848	0.25966	56.2373886	0.09706312
1119.450073	128.0890656	2.2331667	5308220	2379.594238	0.26052	56.1149254	0.096592459
1119.6	126.3834686	2.2430258	5448130	2411.887207	0.25436	55.968647	0.096031882
1119.75	124.39196	2.2545252	5553020	2450.423584	0.24717	55.9379959	0.095914641
1119.9	123.1454849	2.2616956	5614580	2475.154297	0.24269	55.4714355	0.094139486
1120.050049	122.313324	2.2665019	5660320	2491.975098	0.23969	50.5372772	0.076410791
1120.2	122.370979	2.2661724	5638950	2490.785889	0.23989	49.1457443	0.071739733
1120.350098	123.2535324	2.2610869	5574730	2472.987793	0.24307	46.1441879	0.062124963
1120.5	123.7581635	2.2581644	5556850	2462.86792	0.2449	43.53027	0.054239892
1120.650024	123.5128479	2.2595856	5583170	2467.766113	0.24401	42.4453087	0.051094208
1120.8	123.4040985	2.260226	5582440	2469.921875	0.24361	44.2284737	0.056303147
1120.950073	124.2961884	2.2550578	5511380	2452.250488	0.24684	50.0025253	0.074599298
1121.1	126.1623764	2.2442653	5390890	2416.065186	0.25358	53.7978554	0.087915565
1121.25	128.3663025	2.2315581	5266490	2374.593506	0.26153	53.1123466	0.085429782
1121.4	130.704071	2.2180653	5139850	2332.136963	0.26996	49.9146652	0.074303643
1121.550049	132.364975	2.208461	5066220	2302.776611	0.27596	48.4464569	0.069444313
1121.7	132.5809937	2.2072029	5077300	2298.972656	0.27675	50.57819	0.076550239
1121.850098	131.3750458	2.2141647	5159540	2320.135742	0.2724	52.7315636	0.084064645
1122	129.510788	2.2249277	5265160	2353.578369	0.26567	53.0500984	0.085205857
1122.150024	128.235901	2.2322915	5320860	2376.898438	0.26107	52.2046127	0.082193715
1122.3	127.8063354	2.23477	5332790	2384.860352	0.25952	49.863621	0.074132131
1122.450073	127.624176	2.235819	5342260	2388.263916	0.25886	47.4462662	0.066220228
1122.6	127.05098	2.2391334	5382670	2399.054688	0.25679	46.7028275	0.063868034
1122.75	125.651825	2.2472119	5477120	2425.83374	0.25174	46.3250275	0.062686944
1122.9	123.9286957	2.2571533	5579090	2459.575684	0.24553	45.7504044	0.060908723
1123.050049	123.258873	2.2610364	5595650	2472.84082	0.2431	44.3225479	0.056583505
1123.2	123.3629837	2.2604644	5581250	2470.760498	0.24346	41.3334732	0.047945396
1123.350098	123.7194748	2.2584121	5558060	2463.642578	0.24474	37.7916336	0.038399174
1123.5	125.3092728	2.2492225	5440400	2432.506104	0.25049	35.2903481	0.032079882
1123.650024	127.169609	2.238462	5338480	2396.890869	0.25721	35.1682358	0.031779939
1123.8	128.0366211	2.2334659	5309200	2380.585449	0.26033	40.4589462	0.045520701
1123.950073	127.667641	2.2355883	5347710	2387.467041	0.25901	50.333981	0.075719676
1124.1	126.654091	2.2414646	5411450	2406.593994	0.25533	54.2184715	0.089458923
1124.25	125.4437027	2.2484517	5482340	2429.823486	0.25097	54.573299	0.090771718
1124.4	125	2.2509763	5491080	2438.38916	0.24939	54.5733032	0.090771733
1124.550049	124.960083	2.2512	5491080	2439.179932	0.24925	54.3016739	0.089765864
1124.7	124.9329987	2.2513616	5493260	2439.708252	0.24915	53.0148239	0.085079096
1124.850098	124.6773453	2.2528658	5512890	2444.7146	0.24821	52.1549454	0.082018456
1125	123.7545166	2.2581844	5580010	2462.984619	0.24488	52.5523872	0.083426117
1125.150024	122.0615616	2.267957	5694320	2497.21875	0.23878	52.7537	0.084143702
1125.3	120.7770157	2.2753911	5760880	2523.650635	0.23413	52.7126732	0.08399721
1125.450073	123.1092224	2.2619038	5543910	2476.243897	0.24256	52.22691	0.082272455
1125.6	123.8970871	2.257374	5558880	2460.10791	0.24539	50.1389542	0.07505949
1125.75	128.72818	2.2294583	5182860	2369.055908	0.26284	45.3253288	0.059607272
1125.9	130.45459	2.2194855	5187280	2336.443848	0.26907	45.508625	0.060167019
1126.050049	133.715561	2.2006938	4957090	2280.020508	0.28082	48.2455711	0.068791221
1126.2	131.3327179	2.2144268	5208120	2321.456787	0.27223	47.4101219	0.066105003
1126.350098	127.3253555	2.2375815	5411900	2394.258301	0.25776	46.481678	0.063175512
1126.5	125.475029	2.2482772	5479660	2429.207764	0.25108	44.376419	0.056744305
1126.650024	125.0140457	2.2509	5491020	2438.129395	0.24944	45.3163872	0.059580022
1126.8	124.5311127	2.2537146	5525300	2447.6	0.24768	45.9272461	0.061453651
1126.950073	123.943428	2.2570887	5559820	2459.203125	0.24557	48.1816025	0.068583843
1127.1	123.494072	2.2596681	5583470	2468.14209	0.24396	47.8196945	0.067415908
1127.25	122.9644623	2.2627578	5618130	2478.778565	0.24203	47.010571	0.064837184
1127.4	122.7799	2.2638361	5620620	2482.489014	0.24135	46.8483887	0.064325643
1127.550049	123.1632538	2.2615881	5588360	2474.75415	0.24276	45.9394684	0.061491389
1127.7	124.3840256	2.2545261	5501980	2450.534668	0.24717	42.8570938	0.052279538
1127.850098	125.1642227	2.2500243	5471110	2435.211182	0.24998	39.1935425	0.042091532
1128	125.5930023	2.2475457	5448540	2426.895752	0.25153	39.2907639	0.04235172
1128.150024	128.1813812	2.2326031	5260440	2378.213135	0.26087	41.87674	0.049474626
1128.3	129.4460754	2.22533	5232790	2354.637939	0.26542	45.053249	0.058780431
1128.450073	130.607941	2.2186131	5157990	2333.749756	0.26962	50.29985	0.075603941
1128.6	130.8954926	2.2169638	5164060	2328.576416	0.27065	56.00988	0.09618972
1128.75	130.9961853	2.2164021	5154580	2326.783936	0.271	57.0719643	0.100303645
1128.9	129.345459	2.2259324	5279710	2356.628418	0.26504	54.767731	0.091495312
1129.050049	127.615799	2.23589	5362820	2388.503418	0.25882	49.469471	0.072814043
1129.2	126.2814178	2.2436044	5434710	2413.707764	0.254	45.9531517	0.06153365
1129.350098	125.5574112	2.2477765	5464700	2427.583984	0.25139	44.8516121	0.058170758
1129.5	125.0715866	2.2505889	5492030	2437.012695	0.24963	44.3708115	0.056727559
1129.650024	124.8102341	2.2521124	5502770	2442.108887	0.24868	44.8242569	0.058088249
1129.8	124.4720154	2.2540438	5525730	2448.750732	0.24747	45.5774384	0.060377727
1129.950073	124.1236267	2.2560565	5545230	2455.617188	0.24621	48.2515259	0.06881054
1130.1	123.9829636	2.2568855	5549460	2458.4021	0.2457	47.5307655	0.066489951
1130.25	124.3210678	2.25494	5520930	2451.727539	0.24691	46.830589	0.064269608
1130.4	124.9392548	2.251351	5482110	2439.599609	0.24916	47.3358421	0.065868485
1130.550049	125.8023071	2.2463419	5428490	2422.875244	0.25229	46.32439	0.062684959
1130.7	126.2554169	2.2437184	5412490	2414.158203	0.25393	45.2506561	0.059379865
1130.850098	125.6421127	2.2472825	5466340	2425.965332	0.2517	45.020401	0.058680932
1131	124.7745972	2.252315	5515120	2442.827148	0.24855	45.5511742	0.060297269
1131.150024	124.4875717	2.2539575	5519980	2448.437988	0.24753	45.0111237	0.058652843
1131.3	124.681839	2.25281	5502700	2444.623291	0.24824	43.1120758	0.053018754
1131.450073	124.9776382	2.251117	5485560	2438.838135	0.2493	41.85685	0.049418325
1131.6	124.9953232	2.2510369	5490450	2438.489014	0.24935	42.2234344	0.050459851
1131.75	124.75174	2.2524383	5507950	2443.25293	0.24848	43.8630333	0.055219398
1131.9	124.5908356	2.25334	5514270	2446.407471	0.24791	47.5652161	0.066600058
1132.050049	124.6229935	2.2531626	5509450	2445.769043	0.24802	53.2737885	0.086011926
1132.2	124.9660034	2.2512126	5484200	2439.069824	0.24924	56.4007187	0.097692764
1132.350098	125.4878616	2.2481942	5452220	2428.932373	0.25113	55.2470055	0.093291866
1132.5	125.72451	2.2467973	5445130	2424.349854	0.252	51.3513641	0.079208599
1132.650024	125.7571259	2.2466	5445130	2423.719971	0.25212	49.1224442	0.071662696
1132.8	125.7571335	2.2466	5445130	2423.720215	0.25212	51.0259323	0.07808433
1132.950073	125.6155319	2.247429	5456270	2426.450195	0.25161	52.5137825	0.083288861
1133.1	125.2221451	2.2497187	5483160	2434.082275	0.25018	51.8319588	0.080883276
1133.25	125.166748	2.2500148	5477730	2435.155518	0.24999	49.0295448	0.071355926
1133.4	125.6466064	2.2472479	5442030	2425.865234	0.25172	47.0919876	0.06509465
1133.550049	125.9935532	2.2452726	5427970	2419.168945	0.25295	46.212891	0.06233821
1133.7	126.169548	2.2442544	5419420	2415.793457	0.25359	44.7221565	0.057780716
1133.850098	125.7114868	2.2468824	5458220	2424.615234	0.25195	42.0988274	0.050104907
1134	124.6588211	2.2529786	5527610	2445.120361	0.24814	41.155365	0.047447895
1134.150024	123.130569	2.2618127	5625310	2475.510498	0.24262	46.2879868	0.062571658
1134.3	122.5605011	2.265106	5636070	2486.924805	0.24056	52.262249	0.082397327
1134.450073	123.1361465	2.2617836	5585230	2475.329834	0.24264	53.6927872	0.087532201
1134.6	124.2463	2.2553647	5514190	2453.239014	0.24665	51.9480667	0.081290451
1134.75	125.5351181	2.2478945	5437730	2428.061035	0.25132	51.2125053	0.078727927
1134.9	126.5057144	2.2423136	5389920	2409.397461	0.2548	52.29435	0.082510839
1135.050049	126.56115	2.241977	5402860	2408.332031	0.25501	51.9419556	0.081268995
1135.2	126.1003876	2.2446613	5433930	2417.132813	0.25334	47.3455887	0.065899498
1135.350098	125.4882431	2.2481666	5470350	2428.927246	0.25115	44.331791	0.056611082
1135.5	124.902298	2.2515712	5503360	2440.31543	0.24902	40.728821	0.046264121
1135.650024	124.60688	2.2532525	5514680	2446.094971	0.24797	40.3583488	0.045244681
1135.8	124.4050446	2.2544427	5526730	2450.070313	0.24722	44.0154114	0.055670261
1135.950073	123.9214935	2.2572067	5561040	2459.631592	0.2455	53.427731	0.086568902
1136.1	124.0575638	2.256409	5537610	2456.926758	0.24599	57.0612144	0.100261536
1136.25	125.7140961	2.2469	5415570	2424.684326	0.25194	54.9986649	0.092358668
1136.4	127.75219	2.2351415	5303230	2385.98291	0.25929	51.2135277	0.078731461
1136.550049	128.7498169	2.2293417	5268520	2367.39917	0.26291	50.6940575	0.076945826
1136.7	128.6625824	2.2298279	5287500	2368.992188	0.26261	50.2963486	0.075592072
1136.850098	128.6871338	2.2297144	5278870	2368.539551	0.26268	48.498791	0.069614915
1137	126.49054	2.242383	5450250	2409.936035	0.25476	48.09898	0.06831641
1137.150024	124.9220123	2.2514236	5509220	2439.949463	0.24911	49.9776039	0.074515379
1137.3	124.71299	2.2526624	5504200	2444.007813	0.24834	53.4856224	0.086778832
1137.450073	124.879959	2.2516816	5492720	2440.746582	0.24895	55.1794014	0.093037337
1137.6	124.459801	2.2540929	5530300	2449	0.24744	55.4660416	0.094119067
1137.75	123.9552078	2.257001	5557030	2458.958008	0.24562	54.931721	0.092107957
1137.9	123.4274979	2.2600772	5590010	2469.474854	0.2437	54.3445511	0.089924254
1138.050049	123.0811539	2.2620628	5606120	2476.412598	0.24246	53.87587	0.088200775
1138.2	123.2068024	2.2613249	5589990	2473.889404	0.24292	53.9485054	0.088466748
1138.350098	123.6775818	2.2586348	5557840	2464.479736	0.2446	55.109871	0.092775939
1138.5	124.1444778	2.2559552	5531970	2455.21167	0.24628	56.8190041	0.099315329
1138.650024	124.3355789	2.2548544	5526040	2451.429688	0.24697	58.122749	0.104466741
1138.8	124.5715256	2.253489	5509400	2446.790039	0.24782	59.7961769	0.111292745
1138.950073	124.526329	2.2537544	5519030	2447.677734	0.24765	64.96846	0.134002364
1139.1	124.2947617	2.2550669	5533940	2452.239014	0.24683	68.92952	0.153172902
1139.25	124.1802368	2.2557065	5537610	2454.496582	0.24643	67.9602661	0.14833092
1139.4	124.353653	2.254699	5522410	2451.073486	0.24706	62.1806679	0.121450818
1139.550049	124.617775	2.253199	5506960	2445.878906	0.248	57.25679	0.101029145
1139.7	124.8321152	2.2519631	5495530	2441.678955	0.24877	55.4529839	0.094069645
1139.850098	125.0280228	2.2508378	5484190	2437.856445	0.24948	55.2756577	0.093399852
1140	125.395241	2.2487144	5459400	2430.718506	0.2508	55.2392311	0.093262577
1140.150024	125.774719	2.2465241	5438690	2423.383301	0.25217	55.4773331	0.094161815
1140.3	125.771271	2.2465644	5446520	2423.452881	0.25215	56.7808113	0.099166573
1140.450073	125.2108154	2.2497818	5487730	2434.314941	0.25014	58.8481026	0.107395547
1140.6	124.2256927	2.2554426	5551080	2453.632813	0.2466	60.9056778	0.115954929
1140.75	123.0747147	2.2620852	5621160	2476.586914	0.24245	61.567482	0.118788963
1140.9	121.8262939	2.2693074	5698660	2501.978516	0.23793	60.1384926	0.1127194
1141.050049	121.2437973	2.2726939	5718980	2513.929932	0.23582	56.67865	0.098769266
1141.2	122.038971	2.2681017	5645650	2497.607178	0.23869	53.515961	0.086888952
1141.350098	123.9707565	2.256929	5515640	2458.795654	0.24567	53.0492516	0.085202813
1141.5	126.4769211	2.2424433	5365330	2410.131348	0.25472	53.6706085	0.087451387
1141.650024	128.78183	2.2291331	5244630	2366.925049	0.26304	54.0490074	0.088835443
1141.8	130.3990479	2.2198176	5168800	2337.488281	0.26886	54.2504311	0.08957676
1141.950073	130.928711	2.2167866	5157720	2327.985107	0.27076	54.7529678	0.091440264
1142.1	130.4845581	2.2193544	5194010	2335.921875	0.26915	55.2115173	0.093158207
1142.25	129.7955475	2.2233179	5230990	2348.32373	0.26668	55.336769	0.093630394
1142.4	128.6414948	2.2299562	5304740	2369.42334	0.26253	55.7797165	0.095310439
1142.550049	125.6321335	2.2473338	5508560	2426.533203	0.25167	56.1482658	0.096720474
1142.7	123.6398849	2.2588668	5590820	2465.28833	0.24446	57.0810738	0.100339336
1142.850098	123.4933014	2.2597234	5572470	2468.151611	0.24392	58.492424	0.105953728
1143	123.5974884	2.2590888	5570610	2466.070068	0.24432	59.9548874	0.111952898
1143.150024	123.2591324	2.2610624	5598780	2472.84375	0.24309	62.7046318	0.123753161
1143.3	123.1513062	2.2617044	5597380	2474.993164	0.24268	64.997589	0.1341375
1143.450073	123.5852814	2.259189	5562730	2466.317139	0.24426	64.64286	0.132497544
1143.6	124.3451462	2.254789	5514290	2451.26416	0.24701	65.7939758	0.1378649
1143.75	125.2012939	2.2498178	5463750	2434.503662	0.25011	70.2366028	0.159863412
1143.9	125.7705841	2.2465184	5437380	2423.464844	0.25218	72.2624054	0.170609257
1144.050049	126.4462738	2.2426245	5394560	2410.516602	0.25461	71.0756	0.164257493
1144.2	127.0779114	2.2390113	5361610	2398.533447	0.25687	68.4643478	0.15083658
1144.350098	127.5941162	2.2360137	5334160	2388.827881	0.25874	67.2917633	0.145049332
1144.5	127.5498657	2.2362835	5347540	2389.656982	0.25857	66.3009186	0.140270849
1144.650024	127.087959	2.2389269	5377810	2398.348633	0.25692	66.4750519	0.141103318
1144.8	126.8297653	2.24044	5386650	2403.227783	0.25597	68.6450577	0.151741435
1144.950073	126.1948624	2.2441249	5432530	2415.334473	0.25367	71.50174	0.166519671
1145.1	126.2762527	2.2436528	5409530	2413.759033	0.25397	71.885231	0.168573134
1145.25	126.8803177	2.240171	5371330	2402.279541	0.25614	73.4315338	0.177025937
1145.4	127.8630142	2.2344561	5310370	2383.838135	0.25971	75.1385422	0.186687432
1145.550049	128.5878448	2.230294	5278040	2370.375488	0.26232	77.8455124	0.202749942
1145.7	128.8905029	2.2285266	5267100	2364.798584	0.26342	77.0219269	0.197764264
1145.850098	128.800705	2.2290616	5277810	2366.450195	0.26309	71.182671	0.164823946
1146	128.3242645	2.231789	5309520	2375.244629	0.26138	66.2820663	0.140180908
1146.150024	127.738	2.2351942	5342230	2386.141602	0.25925	70.4332657	0.160886336
1146.3	127.3343964	2.2375486	5361040	2393.705811	0.25778	76.6930389	0.19579769
1146.450073	127.04689	2.239171	5376030	2399.118408	0.25677	76.7403259	0.196079591
1146.6	126.8270187	2.2404583	5387490	2403.273682	0.25596	69.417259	0.155647639
1146.75	126.3183746	2.24339	5422620	2412.962891	0.25413	66.8063965	0.14269594
1146.9	126.2733	2.2436576	5413310	2413.816162	0.25396	69.4303818	0.155714579
1147.050049	126.468941	2.2425072	5401470	2410.081055	0.25468	70.2360916	0.159860759
1147.2	126.5459366	2.2420478	5399770	2408.611572	0.25497	68.9045258	0.153046777
1147.350098	126.6735535	2.24134	5390660	2406.184815	0.25541	66.627991	0.141837025
1147.5	126.743309	2.2409534	5388640	2404.861328	0.25565	66.1544418	0.13957299
1147.650024	126.5230026	2.242228	5406370	2409.052734	0.25486	75.28196	0.187515328
1147.8	126.1516724	2.2443688	5428670	2416.144531	0.25352	80.2175064	0.21760931
1147.950073	125.9804077	2.245359	5433860	2419.424316	0.2529	77.0572662	0.197976398
1148.1	125.9561615	2.2455	5433860	2419.889893	0.25281	73.5628128	0.177756516
1148.25	126.1096649	2.2445984	5421880	2416.943115	0.25338	73.887131	0.179570186
1148.4	126.5909119	2.2417974	5389010	2407.762695	0.25513	74.370239	0.182295268
1148.550049	127.7052	2.2353516	5316180	2386.787354	0.25916	72.5905838	0.172394285
1148.7	128.5133514	2.2307124	5281540	2371.743652	0.26205	69.8594284	0.157913563
1148.850098	128.6313782	2.2300241	5285140	2369.562744	0.26248	70.873764	0.163193209
1149	128	2.2336538	5331350	2381.25293	0.26022	76.84095	0.196680409
1149.150024	127.2809448	2.2378016	5368980	2394.715576	0.25762	79.99836	0.216204666
1149.3	126.9917526	2.2394712	5377300	2400.155029	0.25658	76.683876	0.195743098
1149.450073	127.126297	2.2386947	5364010	2397.619141	0.25707	70.2194977	0.159774645
1149.6	127.4768372	2.2366714	5342140	2391.02832	0.25833	66.4501114	0.140983896
1149.75	127.70417	2.235359	5332790	2386.767822	0.25915	68.1480484	0.149261184
1149.9	127.18969	2.23835	5375650	2396.436768	0.25728	70.4045334	0.16073662
1150.050049	126.3596573	2.2431629	5423810	2412.190918	0.25427	70.4896011	0.161180153
1150.2	125.6198349	2.2474158	5463830	2426.384033	0.25162	70.0044785	0.158661558
1150.350098	124.9403229	2.25132	5502640	2439.574707	0.24917	69.497963	0.156059615
1150.5	124.82637	2.251991	5497570	2441.791992	0.24876	69.6737289	0.156959326
1150.650024	125.7595673	2.2466285	5426690	2423.721191	0.25211	70.930336	0.163491051
1150.8	127.3303223	2.2375522	5331350	2393.844482	0.25778	71.153511	0.164669549
1150.950073	128.5328522	2.230598	5274690	2371.400147	0.26213	68.6773453	0.151903475
1151.1	129.0536041	2.227611	5256330	2361.814209	0.26399	64.4277649	0.131509171
1151.25	128.61409	2.2301426	5296060	2369.898438	0.26241	60.475502	0.114134173
1151.4	127.2394638	2.2380662	5385530	2395.561523	0.25746	61.986931	0.120606029
1151.550049	125.9664841	2.2454355	5450850	2419.736572	0.25285	67.43364	0.145741871
1151.7	125.29274	2.249331	5479660	2432.709229	0.25042	68.330162	0.150166938
1151.850098	125.3573761	2.248955	5464160	2431.45166	0.25065	69.0865936	0.153967063
1152	126.428909	2.2427557	5387010	2410.89624	0.25453	71.0241089	0.163985543
1152.150024	128.2135925	2.23244	5278860	2377.388916	0.26097	69.3766632	0.155440674
1152.3	128.7777863	2.2292032	5275420	2366.886719	0.263	67.4517288	0.145830319
1152.450073	127.7723923	2.2350183	5352600	2385.556641	0.25936	66.5723648	0.141569887
1152.6	125.8868332	2.2459013	5469870	2421.349365	0.25256	67.351021	0.14533833
1152.75	124.678093	2.2528749	5522720	2444.718018	0.2482	71.1449585	0.164624283
1152.9	126.8601532	2.2402682	5333930	2402.966065	0.25608	74.0676956	0.180585411
1153.050049	129.8887939	2.2227571	5175620	2346.81543	0.26703	71.7605362	0.167903589
1153.2	133.4316711	2.2022943	4980270	2284.65918	0.27982	66.3763733	0.14063119
1153.350098	134.7212372	2.1948586	4961930	2262.453369	0.28446	60.1464462	0.112752672
1153.5	131.4004211	2.2140615	5202610	2320.192383	0.27246	59.386761	0.109600089
1153.650024	127.498779	2.23659	5401930	2390.979492	0.25838	60.0383759	0.112301067
1153.8	123.8405685	2.2576725	5614830	2461.653076	0.2452	58.8597679	0.107443021
1153.950073	122.4059677	2.265949	5652460	2490.08667	0.24003	59.261673	0.109085883
1154.1	122.7001877	2.2642825	5614760	2484.114258	0.24107	59.9716187	0.112022622
1154.25	123.5253143	2.259496	5561100	2467.533936	0.24406	63.7779121	0.128550515
1154.4	123.7745667	2.2580488	5560320	2462.539307	0.24497	65.723709	0.137533466
1154.550049	123.9221268	2.25723	5548850	2459.60791	0.24548	65.9459	0.138583198
1154.7	124.118187	2.256074	5537200	2455.722412	0.2462	65.8874054	0.138306359
1154.850098	124.32782	2.2548866	5524750	2451.585449	0.24695	64.280319	0.130834269
1155	125.2514725	2.24957	5456180	2433.546875	0.25027	65.016655	0.134225997
1155.150024	127.6071625	2.2359738	5299840	2388.803955	0.25877	66.1697464	0.139645804
1155.3	131.0886383	2.21584	5100180	2325.523926	0.27135	66.734261	0.142348257
1155.450073	131.5503845	2.2131579	5137970	2316.995606	0.27303	65.55674	0.136747902
1155.6	129.3871613	2.225646	5282010	2355.916992	0.26522	62.1819077	0.121456235
1155.75	127.3455276	2.2374678	5382550	2393.57959	0.25783	60.3653755	0.113670738
1155.9	124.7592621	2.2523763	5547770	2443.350342	0.24851	58.5070381	0.106012754
1156.050049	123.0305023	2.262341	5625860	2477.486328	0.24229	61.439159	0.11823631
1156.2	122.9898529	2.2626059	5600640	2478.261475	0.24212	65.461235	0.136299824
1156.350098	126.0904465	2.2446859	5365910	2417.813965	0.25332	66.1659851	0.139627907
1156.5	128.8490753	2.22875	5239320	2365.701904	0.26328	59.1055527	0.108446035
1156.650024	129.6657867	2.2240341	5223890	2350.660645	0.26623	54.3143578	0.089812703
1156.8	132.1606445	2.2096334	5051720	2306.629395	0.27523	53.2846146	0.086051036
1156.950073	128.917511	2.2283862	5354880	2365.184082	0.26351	49.417561	0.072641275
1157.1	124.0221634	2.25666	5620650	2458.286621	0.24584	46.8947487	0.064471686
1157.25	121.7351761	2.269865	5706860	2503.86377	0.23758	45.8906631	0.061340753
1157.4	121.8916321	2.2689619	5661930	2500.601807	0.23815	46.5479126	0.06338258
1157.550049	123.0596237	2.2621934	5582240	2476.878662	0.24238	50.920971	0.077723384
1157.7	124.8470459	2.2518859	5468050	2441.498291	0.24882	55.61211	0.094672857
1157.850098	126.2173538	2.2439873	5401560	2414.922607	0.25376	57.9744377	0.103873466
1158	127.5838089	2.236074	5320900	2389.081299	0.2587	58.83112	0.107326455
1158.150024	129.0814362	2.2274055	5237850	2361.366943	0.26412	59.7693481	0.111181372
1158.3	130.405899	2.2197785	5170740	2337.345703	0.26889	61.2628288	0.117479371
1158.450073	131.5058746	2.2134345	5115790	2317.788818	0.27285	62.5799828	0.123203103
1158.6	132.2245483	2.2092688	5084470	2305.181152	0.27546	61.0129089	0.116411406
1158.75	132.6719818	2.2066832	5064250	2297.397461	0.27707	58.9044113	0.107624813
1158.9	132.8878326	2.2054341	5056450	2293.665039	0.27785	58.0573654	0.104204962
1159.050049	132.3270721	2.2086935	5098960	2303.413818	0.27582	57.6095467	0.102421808
1159.2	131.2696075	2.2147968	5158760	2321.973877	0.272	57.1620331	0.100656836
1159.350098	130.5847168	2.2187519	5186180	2334.126221	0.26953	57.6407852	0.102545642
1159.5	131.1823883	2.2152979	5133530	2323.51123	0.27169	59.888382	0.111675998
1159.650024	132.9519043	2.2050629	5027840	2292.666504	0.27809	62.732651	0.123877008
1159.8	134.3972931	2.1967139	4965620	2267.941406	0.2833	62.6001053	0.123291802
1159.950073	134.5089722	2.1960924	4980390	2266.020996	0.28369	63.2486572	0.126171096
1160.1	133.9897614	2.1990967	5010600	2274.808838	0.28181	68.3790436	0.150410655
1160.25	133.9539948	2.1993015	5002050	2275.408447	0.28169	72.852562	0.17382825
1160.4	134.6893616	2.195056	4955080	2263.003174	0.28434	73.801445	0.179089786
1160.550049	135.447861	2.1906743	4920630	2250.324951	0.28708	73.0392456	0.174854993
1160.7	135.3078918	2.1915035	4942570	2252.646973	0.28656	73.455925	0.177161521
1160.850098	135.1223755	2.1925569	4947100	2255.730225	0.2859	74.4241257	0.182600976
1161	135.6561432	2.1894276	4909320	2246.873535	0.28786	73.901711	0.179652017
1161.150024	136.4925385	2.1845934	4867440	2233.11084	0.29088	72.1471176	0.16998515
1161.3	137.310181	2.1799014	4828740	2219.813721	0.29381	69.428894	0.155706989
1161.450073	137.1159515	2.181036	4855460	2222.943359	0.2931	66.4465256	0.140966732
1161.6	136.5155182	2.1845174	4885430	2232.720703	0.29093	64.4953842	0.131819395
1161.75	135.9015656	2.1880724	4915470	2242.811768	0.2887	66.044319	0.13904977
1161.9	135.1820679	2.1921968	4952940	2254.754883	0.28613	67.7874374	0.147478029
1162.050049	134.2734833	2.197431	5001080	2270.021729	0.28286	66.22258	0.139897349
1162.2	133.5827942	2.20142	5031160	2281.738037	0.28036	61.0692825	0.116651805
1162.350098	132.7148132	2.2064326	5080700	2296.676758	0.27723	54.0465622	0.088826463
1162.5	132.2369232	2.2092028	5096290	2304.954346	0.2755	51.8669128	0.081005749
1162.650024	132.1405945	2.20978	5097530	2306.63623	0.27514	53.3053551	0.086125987
1162.8	132.6351929	2.2069063	5062230	2298.050293	0.27693	56.6552124	0.098678239
1162.950073	132.460022	2.2079418	5087340	2301.079834	0.27629	61.4551468	0.118305083
1163.1	132.26297	2.2090888	5092130	2304.501709	0.27557	60.7209511	0.115171006
1163.25	131.7461243	2.212038	5127050	2313.55127	0.27373	55.0357437	0.092497686
1163.4	130.7580414	2.2177336	5185200	2331.056152	0.27017	47.128231	0.065209408
1163.550049	130.1110077	2.2215	5211020	2342.618408	0.26781	45.14764	0.059066737
1163.7	130.3099365	2.2203636	5187220	2339.041016	0.26852	52.2092018	0.082209918
1163.850098	131.1483612	2.215489	5135280	2324.110352	0.27157	56.0025063	0.096161484
1164	132.0761261	2.21015	5087940	2307.783936	0.27491	57.58604	0.102328678
1164.150024	132.1940613	2.20945	5096660	2305.70166	0.27534	66.1219177	0.139418332
1164.3	132.4756012	2.2078137	5073680	2300.779785	0.27637	68.2293777	0.149665245
1164.450073	134.30899	2.197229	4955290	2269.521484	0.28298	72.105545	0.169760474
1164.6	135.65416	2.189501	4906710	2246.910889	0.28781	69.6573715	0.156875453
1164.75	136.6430969	2.18377	4858340	2230.651611	0.29139	66.8929138	0.143113649
1164.9	137.769516	2.1772552	4802040	2212.42334	0.29547	68.0366287	0.148708766
1165.050049	138.3825226	2.173711	4782650	2202.594727	0.29768	64.1394119	0.130191282
1165.2	138.50209	2.1730213	4781960	2200.691162	0.29811	57.9335861	0.103710381
1165.350098	138.778244	2.171429	4764500	2196.314453	0.29911	55.7165451	0.095069864
1165.5	138.8970642	2.1707428	4763200	2194.434815	0.29954	52.1364746	0.081953327
1165.650024	138.9043732	2.1707	4763200	2194.320068	0.29956	48.7925034	0.070575928
1165.8	138.646225	2.17219	4779760	2198.407959	0.29863	50.4757919	0.076201452
1165.950073	138.5184021	2.1729283	4781960	2200.432861	0.29817	53.1640167	0.085615881
1166.1	138.5059967	2.173	4781960	2200.629883	0.29812	58.0123825	0.104025074
1166.25	138.7497864	2.1715925	4766300	2196.766357	0.299	61.0677643	0.116645327
1166.4	139.6047058	2.1666558	4717650	2183.334473	0.30209	62.611309	0.123341203
1166.550049	141.3334961	2.1566465	4627490	2156.680664	0.30835	62.07803	0.12100283
1166.7	142.175949	2.1517651	4607850	2143.822266	0.3114	63.0696449	0.125372366
1166.850098	142.9667358	2.1471956	4566980	2131.983887	0.31425	66.0299683	0.138981677
1167	139.7739716	2.1656547	4783820	2181.141113	0.30272	70.0608063	0.158952655
1167.150024	135.0735474	2.19284	5012280	2257.078613	0.28573	76.7030334	0.195857248
1167.3	131.5391846	2.2132688	5172770	2317.431641	0.27296	85.9114761	0.256509926
1167.450073	130.6622162	2.218307	5175730	2332.730957	0.26981	92.5380554	0.308163914
1167.6	131.9694977	2.210767	5081540	2309.711182	0.27452	94.3143539	0.32329919
1167.75	134.3258057	2.197179	4952160	2269.27124	0.28301	92.650116	0.30910186
1167.9	138.75708	2.1715512	4709740	2197.238281	0.29903	89.9215012	0.286889974
1168.050049	141.5245667	2.1555333	4619350	2153.771729	0.30904	88.4835815	0.275695672
1168.2	141.9302063	2.1531816	4625730	2147.538086	0.31051	88.6547089	0.277009946
1168.350098	141.7138214	2.1544347	4636720	2150.818115	0.30973	89.871582	0.286495558
1168.5	141.535339	2.1554623	4643710	2153.530029	0.30909	91.1732178	0.296918717
1168.650024	140.5625	2.1611	4702130	2168.467529	0.30556	93.130569	0.313148806
1168.8	139.2187042	2.16888	4765610	2189.439453	0.3007	95.6430435	0.335002165
1168.950073	135.798309	2.1886482	4971770	2244.927734	0.28834	96.8869019	0.346263265
1169.1	131.9859467	2.210661	5156640	2309.684815	0.27459	95.516983	0.333877512
1169.25	130.4370117	2.2196043	5197770	2336.773682	0.269	92.1499786	0.30493302
1169.4	130.8193512	2.2174029	5155570	2329.948486	0.27037	88.1761627	0.273346707
1169.550049	132.1926575	2.209469	5072810	2305.756348	0.27533	86.7271881	0.262480642
1169.7	134.8325653	2.1942329	4922990	2260.792725	0.28485	88.109787	0.272841557
1169.850098	137.808701	2.1770179	4777680	2211.963379	0.29561	88.3548965	0.274710521
1170	140.1989746	2.1631861	4677890	2174.156738	0.30426	86.9166489	0.263882385
1170.150024	143.1336212	2.1462362	4532950	2129.689697	0.31485	85.6135483	0.254355024
